Temperature (K)	Pressure (MPa)	Density (mol/l)	Volume (l/mol)	Internal Energy (kJ/mol)	Enthalpy (kJ/mol)	Entropy (J/mol*K)	Cv (J/mol*K)	Cp (J/mol*K)	Sound Spd. (m/s)	Joule-Thomson (K/MPa)	Viscosity (uPa*s)	Therm. Cond. (W/m*K)	Phase
359.10	1.0000	22.703	0.044047	1.9849	2.0289	5.7121	79.631	96.751	917.30	-0.21563	undefined	undefined	liquid
359.10	1.1000	22.707	0.044039	1.9826	2.0310	5.7056	79.623	96.735	918.16	-0.21592	undefined	undefined	liquid
359.10	1.2000	22.712	0.044030	1.9803	2.0331	5.6992	79.615	96.719	919.03	-0.21620	undefined	undefined	liquid
359.10	1.3000	22.716	0.044021	1.9780	2.0352	5.6927	79.607	96.703	919.89	-0.21649	undefined	undefined	liquid
359.10	1.4000	22.721	0.044013	1.9757	2.0373	5.6863	79.600	96.687	920.75	-0.21677	undefined	undefined	liquid
359.10	1.5000	22.725	0.044004	1.9734	2.0394	5.6799	79.592	96.671	921.61	-0.21705	undefined	undefined	liquid
359.10	1.6000	22.730	0.043995	1.9711	2.0415	5.6735	79.584	96.655	922.47	-0.21733	undefined	undefined	liquid
359.10	1.7000	22.734	0.043987	1.9688	2.0436	5.6671	79.577	96.639	923.32	-0.21760	undefined	undefined	liquid
359.10	1.8000	22.739	0.043978	1.9666	2.0457	5.6607	79.569	96.624	924.18	-0.21788	undefined	undefined	liquid
359.10	1.9000	22.743	0.043969	1.9643	2.0478	5.6543	79.561	96.608	925.03	-0.21816	undefined	undefined	liquid
359.10	2.0000	22.747	0.043961	1.9620	2.0499	5.6480	79.554	96.593	925.88	-0.21843	undefined	undefined	liquid
359.10	2.1000	22.752	0.043952	1.9597	2.0520	5.6416	79.546	96.577	926.73	-0.21870	undefined	undefined	liquid
359.10	2.2000	22.756	0.043944	1.9575	2.0542	5.6352	79.539	96.562	927.57	-0.21897	undefined	undefined	liquid
359.10	2.3000	22.761	0.043935	1.9552	2.0563	5.6289	79.531	96.546	928.41	-0.21924	undefined	undefined	liquid
359.10	2.4000	22.765	0.043927	1.9530	2.0584	5.6226	79.524	96.531	929.26	-0.21951	undefined	undefined	liquid
359.10	2.5000	22.769	0.043918	1.9507	2.0605	5.6162	79.517	96.515	930.09	-0.21978	undefined	undefined	liquid
359.10	2.6000	22.774	0.043910	1.9485	2.0626	5.6099	79.509	96.500	930.93	-0.22005	undefined	undefined	liquid
359.10	2.7000	22.778	0.043902	1.9462	2.0648	5.6036	79.502	96.485	931.77	-0.22031	undefined	undefined	liquid
359.10	2.8000	22.783	0.043893	1.9440	2.0669	5.5973	79.495	96.470	932.60	-0.22058	undefined	undefined	liquid
359.10	2.9000	22.787	0.043885	1.9417	2.0690	5.5910	79.487	96.455	933.43	-0.22084	undefined	undefined	liquid
359.10	3.0000	22.791	0.043876	1.9395	2.0711	5.5847	79.480	96.440	934.26	-0.22110	undefined	undefined	liquid
359.10	3.1000	22.796	0.043868	1.9373	2.0733	5.5784	79.473	96.425	935.09	-0.22136	undefined	undefined	liquid
359.10	3.2000	22.800	0.043860	1.9351	2.0754	5.5722	79.466	96.410	935.92	-0.22162	undefined	undefined	liquid
359.10	3.3000	22.804	0.043851	1.9328	2.0775	5.5659	79.459	96.395	936.74	-0.22188	undefined	undefined	liquid
359.10	3.4000	22.809	0.043843	1.9306	2.0797	5.5597	79.451	96.380	937.56	-0.22214	undefined	undefined	liquid
359.10	3.5000	22.813	0.043835	1.9284	2.0818	5.5534	79.444	96.365	938.38	-0.22239	undefined	undefined	liquid
359.10	3.6000	22.817	0.043827	1.9262	2.0840	5.5472	79.437	96.351	939.20	-0.22265	undefined	undefined	liquid
359.10	3.7000	22.821	0.043818	1.9240	2.0861	5.5410	79.430	96.336	940.02	-0.22290	undefined	undefined	liquid
359.10	3.8000	22.826	0.043810	1.9218	2.0883	5.5347	79.423	96.321	940.84	-0.22315	undefined	undefined	liquid
359.10	3.9000	22.830	0.043802	1.9196	2.0904	5.5285	79.416	96.307	941.65	-0.22341	undefined	undefined	liquid
359.10	4.0000	22.834	0.043794	1.9174	2.0926	5.5223	79.409	96.292	942.46	-0.22366	undefined	undefined	liquid
359.10	4.1000	22.839	0.043786	1.9152	2.0947	5.5161	79.402	96.278	943.27	-0.22391	undefined	undefined	liquid
359.10	4.2000	22.843	0.043778	1.9130	2.0969	5.5100	79.395	96.263	944.08	-0.22415	undefined	undefined	liquid
359.10	4.3000	22.847	0.043769	1.9108	2.0990	5.5038	79.389	96.249	944.88	-0.22440	undefined	undefined	liquid
359.10	4.4000	22.851	0.043761	1.9087	2.1012	5.4976	79.382	96.234	945.69	-0.22465	undefined	undefined	liquid
359.10	4.5000	22.855	0.043753	1.9065	2.1034	5.4914	79.375	96.220	946.49	-0.22489	undefined	undefined	liquid
359.10	4.6000	22.860	0.043745	1.9043	2.1055	5.4853	79.368	96.206	947.29	-0.22514	undefined	undefined	liquid
359.10	4.7000	22.864	0.043737	1.9021	2.1077	5.4791	79.361	96.192	948.09	-0.22538	undefined	undefined	liquid
359.10	4.8000	22.868	0.043729	1.9000	2.1099	5.4730	79.355	96.177	948.89	-0.22562	undefined	undefined	liquid
359.10	4.9000	22.872	0.043721	1.8978	2.1120	5.4669	79.348	96.163	949.69	-0.22586	undefined	undefined	liquid
359.10	5.0000	22.876	0.043713	1.8956	2.1142	5.4607	79.341	96.149	950.48	-0.22610	undefined	undefined	liquid
359.10	5.1000	22.881	0.043705	1.8935	2.1164	5.4546	79.334	96.135	951.27	-0.22634	undefined	undefined	liquid
359.10	5.2000	22.885	0.043697	1.8913	2.1186	5.4485	79.328	96.121	952.06	-0.22658	undefined	undefined	liquid
359.10	5.3000	22.889	0.043689	1.8892	2.1207	5.4424	79.321	96.107	952.85	-0.22682	undefined	undefined	liquid
359.10	5.4000	22.893	0.043681	1.8870	2.1229	5.4363	79.315	96.093	953.64	-0.22705	undefined	undefined	liquid
359.10	5.5000	22.897	0.043673	1.8849	2.1251	5.4302	79.308	96.079	954.43	-0.22729	undefined	undefined	liquid
359.10	5.6000	22.901	0.043665	1.8828	2.1273	5.4242	79.301	96.066	955.21	-0.22752	undefined	undefined	liquid
359.10	5.7000	22.906	0.043657	1.8806	2.1295	5.4181	79.295	96.052	955.99	-0.22776	undefined	undefined	liquid
359.10	5.8000	22.910	0.043650	1.8785	2.1317	5.4120	79.288	96.038	956.78	-0.22799	undefined	undefined	liquid
359.10	5.9000	22.914	0.043642	1.8764	2.1339	5.4060	79.282	96.025	957.56	-0.22822	undefined	undefined	liquid
359.10	6.0000	22.918	0.043634	1.8742	2.1360	5.3999	79.276	96.011	958.33	-0.22845	undefined	undefined	liquid
359.10	6.1000	22.922	0.043626	1.8721	2.1382	5.3939	79.269	95.997	959.11	-0.22868	undefined	undefined	liquid
359.10	6.2000	22.926	0.043618	1.8700	2.1404	5.3879	79.263	95.984	959.88	-0.22891	undefined	undefined	liquid
359.10	6.3000	22.930	0.043610	1.8679	2.1426	5.3818	79.256	95.970	960.66	-0.22914	undefined	undefined	liquid
359.10	6.4000	22.934	0.043603	1.8658	2.1448	5.3758	79.250	95.957	961.43	-0.22936	undefined	undefined	liquid
359.10	6.5000	22.938	0.043595	1.8637	2.1470	5.3698	79.244	95.943	962.20	-0.22959	undefined	undefined	liquid
359.10	6.6000	22.943	0.043587	1.8616	2.1492	5.3638	79.237	95.930	962.97	-0.22981	undefined	undefined	liquid
359.10	6.7000	22.947	0.043579	1.8595	2.1514	5.3578	79.231	95.917	963.74	-0.23004	undefined	undefined	liquid
359.10	6.8000	22.951	0.043572	1.8574	2.1537	5.3518	79.225	95.903	964.50	-0.23026	undefined	undefined	liquid
359.10	6.9000	22.955	0.043564	1.8553	2.1559	5.3459	79.218	95.890	965.27	-0.23048	undefined	undefined	liquid
359.10	7.0000	22.959	0.043556	1.8532	2.1581	5.3399	79.212	95.877	966.03	-0.23070	undefined	undefined	liquid
359.10	7.1000	22.963	0.043549	1.8511	2.1603	5.3339	79.206	95.864	966.79	-0.23092	undefined	undefined	liquid
359.10	7.2000	22.967	0.043541	1.8490	2.1625	5.3280	79.200	95.850	967.55	-0.23114	undefined	undefined	liquid
359.10	7.3000	22.971	0.043533	1.8469	2.1647	5.3220	79.194	95.837	968.31	-0.23136	undefined	undefined	liquid
359.10	7.4000	22.975	0.043526	1.8448	2.1669	5.3161	79.188	95.824	969.06	-0.23158	undefined	undefined	liquid
359.10	7.5000	22.979	0.043518	1.8428	2.1692	5.3101	79.181	95.811	969.82	-0.23180	undefined	undefined	liquid
359.10	7.6000	22.983	0.043510	1.8407	2.1714	5.3042	79.175	95.798	970.57	-0.23201	undefined	undefined	liquid
359.10	7.7000	22.987	0.043503	1.8386	2.1736	5.2983	79.169	95.785	971.32	-0.23223	undefined	undefined	liquid
359.10	7.8000	22.991	0.043495	1.8366	2.1758	5.2924	79.163	95.772	972.07	-0.23244	undefined	undefined	liquid
359.10	7.9000	22.995	0.043488	1.8345	2.1781	5.2864	79.157	95.760	972.82	-0.23266	undefined	undefined	liquid
359.10	8.0000	22.999	0.043480	1.8324	2.1803	5.2805	79.151	95.747	973.57	-0.23287	undefined	undefined	liquid
359.10	8.1000	23.003	0.043473	1.8304	2.1825	5.2746	79.145	95.734	974.32	-0.23308	undefined	undefined	liquid
359.10	8.2000	23.007	0.043465	1.8283	2.1847	5.2688	79.139	95.721	975.06	-0.23329	undefined	undefined	liquid
359.10	8.3000	23.011	0.043458	1.8263	2.1870	5.2629	79.133	95.709	975.81	-0.23350	undefined	undefined	liquid
359.10	8.4000	23.015	0.043450	1.8242	2.1892	5.2570	79.127	95.696	976.55	-0.23371	undefined	undefined	liquid
359.10	8.5000	23.019	0.043443	1.8222	2.1915	5.2511	79.121	95.683	977.29	-0.23392	undefined	undefined	liquid
359.10	8.6000	23.023	0.043435	1.8201	2.1937	5.2453	79.115	95.671	978.03	-0.23413	undefined	undefined	liquid
359.10	8.7000	23.027	0.043428	1.8181	2.1959	5.2394	79.110	95.658	978.77	-0.23434	undefined	undefined	liquid
359.10	8.8000	23.031	0.043420	1.8161	2.1982	5.2336	79.104	95.645	979.50	-0.23454	undefined	undefined	liquid
359.10	8.9000	23.035	0.043413	1.8140	2.2004	5.2277	79.098	95.633	980.24	-0.23475	undefined	undefined	liquid
359.10	9.0000	23.038	0.043406	1.8120	2.2027	5.2219	79.092	95.621	980.97	-0.23495	undefined	undefined	liquid
359.10	9.1000	23.042	0.043398	1.8100	2.2049	5.2161	79.086	95.608	981.71	-0.23516	undefined	undefined	liquid
359.10	9.2000	23.046	0.043391	1.8080	2.2072	5.2102	79.081	95.596	982.44	-0.23536	undefined	undefined	liquid
359.10	9.3000	23.050	0.043384	1.8059	2.2094	5.2044	79.075	95.583	983.17	-0.23556	undefined	undefined	liquid
359.10	9.4000	23.054	0.043376	1.8039	2.2117	5.1986	79.069	95.571	983.89	-0.23577	undefined	undefined	liquid
359.10	9.5000	23.058	0.043369	1.8019	2.2139	5.1928	79.063	95.559	984.62	-0.23597	undefined	undefined	liquid
359.10	9.6000	23.062	0.043362	1.7999	2.2162	5.1870	79.058	95.547	985.35	-0.23617	undefined	undefined	liquid
359.10	9.7000	23.066	0.043354	1.7979	2.2184	5.1812	79.052	95.534	986.07	-0.23637	undefined	undefined	liquid
359.10	9.8000	23.070	0.043347	1.7959	2.2207	5.1755	79.046	95.522	986.80	-0.23656	undefined	undefined	liquid
359.10	9.9000	23.074	0.043340	1.7939	2.2230	5.1697	79.041	95.510	987.52	-0.23676	undefined	undefined	liquid
359.10	10.000	23.077	0.043332	1.7919	2.2252	5.1639	79.035	95.498	988.24	-0.23696	undefined	undefined	liquid
359.10	10.100	23.081	0.043325	1.7899	2.2275	5.1581	79.029	95.486	988.96	-0.23716	undefined	undefined	liquid
359.10	10.200	23.085	0.043318	1.7879	2.2297	5.1524	79.024	95.474	989.67	-0.23735	undefined	undefined	liquid
359.10	10.300	23.089	0.043311	1.7859	2.2320	5.1466	79.018	95.462	990.39	-0.23755	undefined	undefined	liquid
359.10	10.400	23.093	0.043304	1.7839	2.2343	5.1409	79.013	95.450	991.11	-0.23774	undefined	undefined	liquid
359.10	10.500	23.097	0.043296	1.7819	2.2365	5.1352	79.007	95.438	991.82	-0.23794	undefined	undefined	liquid
359.10	10.600	23.100	0.043289	1.7800	2.2388	5.1294	79.002	95.426	992.53	-0.23813	undefined	undefined	liquid
359.10	10.700	23.104	0.043282	1.7780	2.2411	5.1237	78.996	95.414	993.25	-0.23832	undefined	undefined	liquid
359.10	10.800	23.108	0.043275	1.7760	2.2434	5.1180	78.991	95.402	993.96	-0.23851	undefined	undefined	liquid
359.10	10.900	23.112	0.043268	1.7740	2.2456	5.1123	78.985	95.390	994.67	-0.23870	undefined	undefined	liquid
359.10	11.000	23.116	0.043261	1.7721	2.2479	5.1066	78.980	95.379	995.37	-0.23889	undefined	undefined	liquid
359.10	11.100	23.120	0.043253	1.7701	2.2502	5.1009	78.974	95.367	996.08	-0.23908	undefined	undefined	liquid
359.10	11.200	23.123	0.043246	1.7681	2.2525	5.0952	78.969	95.355	996.79	-0.23927	undefined	undefined	liquid
359.10	11.300	23.127	0.043239	1.7662	2.2548	5.0895	78.964	95.344	997.49	-0.23946	undefined	undefined	liquid
359.10	11.400	23.131	0.043232	1.7642	2.2570	5.0838	78.958	95.332	998.19	-0.23965	undefined	undefined	liquid
359.10	11.500	23.135	0.043225	1.7622	2.2593	5.0781	78.953	95.320	998.89	-0.23983	undefined	undefined	liquid
359.10	11.600	23.138	0.043218	1.7603	2.2616	5.0725	78.947	95.309	999.59	-0.24002	undefined	undefined	liquid
359.10	11.700	23.142	0.043211	1.7583	2.2639	5.0668	78.942	95.297	1000.3	-0.24021	undefined	undefined	liquid
359.10	11.800	23.146	0.043204	1.7564	2.2662	5.0612	78.937	95.286	1001.0	-0.24039	undefined	undefined	liquid
359.10	11.900	23.150	0.043197	1.7544	2.2685	5.0555	78.931	95.274	1001.7	-0.24058	undefined	undefined	liquid
359.10	12.000	23.153	0.043190	1.7525	2.2708	5.0499	78.926	95.263	1002.4	-0.24076	undefined	undefined	liquid
359.10	12.100	23.157	0.043183	1.7506	2.2731	5.0442	78.921	95.251	1003.1	-0.24094	undefined	undefined	liquid
359.10	12.200	23.161	0.043176	1.7486	2.2754	5.0386	78.916	95.240	1003.8	-0.24112	undefined	undefined	liquid
359.10	12.300	23.165	0.043169	1.7467	2.2777	5.0330	78.910	95.228	1004.5	-0.24131	undefined	undefined	liquid
359.10	12.400	23.168	0.043162	1.7448	2.2800	5.0274	78.905	95.217	1005.2	-0.24149	undefined	undefined	liquid
359.10	12.500	23.172	0.043155	1.7428	2.2823	5.0217	78.900	95.206	1005.8	-0.24167	undefined	undefined	liquid
359.10	12.600	23.176	0.043148	1.7409	2.2846	5.0161	78.895	95.195	1006.5	-0.24185	undefined	undefined	liquid
359.10	12.700	23.180	0.043141	1.7390	2.2869	5.0105	78.890	95.183	1007.2	-0.24203	undefined	undefined	liquid
359.10	12.800	23.183	0.043134	1.7371	2.2892	5.0049	78.885	95.172	1007.9	-0.24220	undefined	undefined	liquid
359.10	12.900	23.187	0.043128	1.7351	2.2915	4.9993	78.879	95.161	1008.6	-0.24238	undefined	undefined	liquid
359.10	13.000	23.191	0.043121	1.7332	2.2938	4.9938	78.874	95.150	1009.3	-0.24256	undefined	undefined	liquid
359.10	13.100	23.194	0.043114	1.7313	2.2961	4.9882	78.869	95.139	1010.0	-0.24274	undefined	undefined	liquid
359.10	13.200	23.198	0.043107	1.7294	2.2984	4.9826	78.864	95.128	1010.6	-0.24291	undefined	undefined	liquid
359.10	13.300	23.202	0.043100	1.7275	2.3007	4.9770	78.859	95.116	1011.3	-0.24309	undefined	undefined	liquid
359.10	13.400	23.205	0.043093	1.7256	2.3030	4.9715	78.854	95.105	1012.0	-0.24326	undefined	undefined	liquid
359.10	13.500	23.209	0.043087	1.7237	2.3053	4.9659	78.849	95.094	1012.7	-0.24344	undefined	undefined	liquid
359.10	13.600	23.213	0.043080	1.7218	2.3077	4.9604	78.844	95.083	1013.4	-0.24361	undefined	undefined	liquid
359.10	13.700	23.216	0.043073	1.7199	2.3100	4.9548	78.839	95.072	1014.0	-0.24378	undefined	undefined	liquid
359.10	13.800	23.220	0.043066	1.7180	2.3123	4.9493	78.834	95.062	1014.7	-0.24396	undefined	undefined	liquid
359.10	13.900	23.224	0.043059	1.7161	2.3146	4.9438	78.829	95.051	1015.4	-0.24413	undefined	undefined	liquid
359.10	14.000	23.227	0.043053	1.7142	2.3169	4.9382	78.824	95.040	1016.1	-0.24430	undefined	undefined	liquid
359.10	14.100	23.231	0.043046	1.7123	2.3193	4.9327	78.819	95.029	1016.7	-0.24447	undefined	undefined	liquid
359.10	14.200	23.235	0.043039	1.7104	2.3216	4.9272	78.814	95.018	1017.4	-0.24464	undefined	undefined	liquid
359.10	14.300	23.238	0.043032	1.7085	2.3239	4.9217	78.809	95.007	1018.1	-0.24481	undefined	undefined	liquid
359.10	14.400	23.242	0.043026	1.7067	2.3262	4.9162	78.804	94.997	1018.7	-0.24498	undefined	undefined	liquid
359.10	14.500	23.246	0.043019	1.7048	2.3286	4.9107	78.799	94.986	1019.4	-0.24515	undefined	undefined	liquid
359.10	14.600	23.249	0.043012	1.7029	2.3309	4.9052	78.795	94.975	1020.1	-0.24532	undefined	undefined	liquid
359.10	14.700	23.253	0.043006	1.7010	2.3332	4.8997	78.790	94.964	1020.7	-0.24548	undefined	undefined	liquid
359.10	14.800	23.256	0.042999	1.6992	2.3356	4.8942	78.785	94.954	1021.4	-0.24565	undefined	undefined	liquid
359.10	14.900	23.260	0.042992	1.6973	2.3379	4.8888	78.780	94.943	1022.1	-0.24582	undefined	undefined	liquid
359.10	15.000	23.264	0.042986	1.6954	2.3402	4.8833	78.775	94.933	1022.7	-0.24598	undefined	undefined	liquid
359.10	15.100	23.267	0.042979	1.6936	2.3426	4.8778	78.770	94.922	1023.4	-0.24615	undefined	undefined	liquid
359.10	15.200	23.271	0.042972	1.6917	2.3449	4.8724	78.766	94.911	1024.1	-0.24631	undefined	undefined	liquid
359.10	15.300	23.274	0.042966	1.6899	2.3472	4.8669	78.761	94.901	1024.7	-0.24647	undefined	undefined	liquid
359.10	15.400	23.278	0.042959	1.6880	2.3496	4.8615	78.756	94.890	1025.4	-0.24664	undefined	undefined	liquid
359.10	15.500	23.282	0.042953	1.6862	2.3519	4.8560	78.751	94.880	1026.0	-0.24680	undefined	undefined	liquid
359.10	15.600	23.285	0.042946	1.6843	2.3543	4.8506	78.746	94.870	1026.7	-0.24696	undefined	undefined	liquid
359.10	15.700	23.289	0.042939	1.6825	2.3566	4.8451	78.742	94.859	1027.3	-0.24713	undefined	undefined	liquid
359.10	15.800	23.292	0.042933	1.6806	2.3589	4.8397	78.737	94.849	1028.0	-0.24729	undefined	undefined	liquid
359.10	15.900	23.296	0.042926	1.6788	2.3613	4.8343	78.732	94.838	1028.6	-0.24745	undefined	undefined	liquid
359.10	16.000	23.299	0.042920	1.6769	2.3636	4.8289	78.728	94.828	1029.3	-0.24761	undefined	undefined	liquid
359.10	16.100	23.303	0.042913	1.6751	2.3660	4.8235	78.723	94.818	1029.9	-0.24777	undefined	undefined	liquid
359.10	16.200	23.306	0.042907	1.6733	2.3683	4.8181	78.718	94.807	1030.6	-0.24793	undefined	undefined	liquid
359.10	16.300	23.310	0.042900	1.6714	2.3707	4.8127	78.714	94.797	1031.2	-0.24809	undefined	undefined	liquid
359.10	16.400	23.313	0.042894	1.6696	2.3730	4.8073	78.709	94.787	1031.9	-0.24824	undefined	undefined	liquid
359.10	16.500	23.317	0.042887	1.6678	2.3754	4.8019	78.704	94.777	1032.5	-0.24840	undefined	undefined	liquid
359.10	16.600	23.321	0.042881	1.6659	2.3778	4.7965	78.700	94.767	1033.2	-0.24856	undefined	undefined	liquid
359.10	16.700	23.324	0.042874	1.6641	2.3801	4.7911	78.695	94.756	1033.8	-0.24872	undefined	undefined	liquid
359.10	16.800	23.328	0.042868	1.6623	2.3825	4.7857	78.691	94.746	1034.5	-0.24887	undefined	undefined	liquid
359.10	16.900	23.331	0.042861	1.6605	2.3848	4.7804	78.686	94.736	1035.1	-0.24903	undefined	undefined	liquid
359.10	17.000	23.335	0.042855	1.6587	2.3872	4.7750	78.682	94.726	1035.8	-0.24918	undefined	undefined	liquid
359.10	17.100	23.338	0.042848	1.6568	2.3895	4.7697	78.677	94.716	1036.4	-0.24934	undefined	undefined	liquid
359.10	17.200	23.342	0.042842	1.6550	2.3919	4.7643	78.672	94.706	1037.0	-0.24949	undefined	undefined	liquid
359.10	17.300	23.345	0.042836	1.6532	2.3943	4.7590	78.668	94.696	1037.7	-0.24965	undefined	undefined	liquid
359.10	17.400	23.349	0.042829	1.6514	2.3966	4.7536	78.663	94.686	1038.3	-0.24980	undefined	undefined	liquid
359.10	17.500	23.352	0.042823	1.6496	2.3990	4.7483	78.659	94.676	1039.0	-0.24995	undefined	undefined	liquid
359.10	17.600	23.356	0.042816	1.6478	2.4014	4.7429	78.654	94.666	1039.6	-0.25010	undefined	undefined	liquid
359.10	17.700	23.359	0.042810	1.6460	2.4037	4.7376	78.650	94.656	1040.2	-0.25026	undefined	undefined	liquid
359.10	17.800	23.362	0.042804	1.6442	2.4061	4.7323	78.645	94.646	1040.9	-0.25041	undefined	undefined	liquid
359.10	17.900	23.366	0.042797	1.6424	2.4085	4.7270	78.641	94.636	1041.5	-0.25056	undefined	undefined	liquid
359.10	18.000	23.369	0.042791	1.6406	2.4108	4.7217	78.637	94.627	1042.1	-0.25071	undefined	undefined	liquid
359.10	18.100	23.373	0.042785	1.6388	2.4132	4.7164	78.632	94.617	1042.8	-0.25086	undefined	undefined	liquid
359.10	18.200	23.376	0.042778	1.6370	2.4156	4.7111	78.628	94.607	1043.4	-0.25101	undefined	undefined	liquid
359.10	18.300	23.380	0.042772	1.6352	2.4180	4.7058	78.623	94.597	1044.0	-0.25116	undefined	undefined	liquid
359.10	18.400	23.383	0.042766	1.6335	2.4203	4.7005	78.619	94.587	1044.7	-0.25131	undefined	undefined	liquid
359.10	18.500	23.387	0.042760	1.6317	2.4227	4.6952	78.615	94.578	1045.3	-0.25145	undefined	undefined	liquid
359.10	18.600	23.390	0.042753	1.6299	2.4251	4.6899	78.610	94.568	1045.9	-0.25160	undefined	undefined	liquid
359.10	18.700	23.393	0.042747	1.6281	2.4275	4.6846	78.606	94.558	1046.5	-0.25175	undefined	undefined	liquid
359.10	18.800	23.397	0.042741	1.6263	2.4299	4.6793	78.602	94.549	1047.2	-0.25189	undefined	undefined	liquid
359.10	18.900	23.400	0.042734	1.6246	2.4322	4.6741	78.597	94.539	1047.8	-0.25204	undefined	undefined	liquid
359.10	19.000	23.404	0.042728	1.6228	2.4346	4.6688	78.593	94.529	1048.4	-0.25219	undefined	undefined	liquid
359.10	19.100	23.407	0.042722	1.6210	2.4370	4.6636	78.589	94.520	1049.0	-0.25233	undefined	undefined	liquid
359.10	19.200	23.411	0.042716	1.6193	2.4394	4.6583	78.584	94.510	1049.7	-0.25248	undefined	undefined	liquid
359.10	19.300	23.414	0.042710	1.6175	2.4418	4.6531	78.580	94.501	1050.3	-0.25262	undefined	undefined	liquid
359.10	19.400	23.417	0.042703	1.6157	2.4442	4.6478	78.576	94.491	1050.9	-0.25277	undefined	undefined	liquid
359.10	19.500	23.421	0.042697	1.6140	2.4466	4.6426	78.571	94.482	1051.5	-0.25291	undefined	undefined	liquid
359.10	19.600	23.424	0.042691	1.6122	2.4490	4.6373	78.567	94.472	1052.1	-0.25305	undefined	undefined	liquid
359.10	19.700	23.428	0.042685	1.6105	2.4513	4.6321	78.563	94.463	1052.8	-0.25320	undefined	undefined	liquid
359.10	19.800	23.431	0.042679	1.6087	2.4537	4.6269	78.559	94.453	1053.4	-0.25334	undefined	undefined	liquid
359.10	19.900	23.434	0.042672	1.6069	2.4561	4.6217	78.555	94.444	1054.0	-0.25348	undefined	undefined	liquid
359.10	20.000	23.438	0.042666	1.6052	2.4585	4.6165	78.550	94.434	1054.6	-0.25362	undefined	undefined	liquid
359.10	20.100	23.441	0.042660	1.6035	2.4609	4.6112	78.546	94.425	1055.2	-0.25376	undefined	undefined	liquid
359.10	20.200	23.444	0.042654	1.6017	2.4633	4.6060	78.542	94.416	1055.8	-0.25390	undefined	undefined	liquid
359.10	20.300	23.448	0.042648	1.6000	2.4657	4.6008	78.538	94.406	1056.5	-0.25404	undefined	undefined	liquid
359.10	20.400	23.451	0.042642	1.5982	2.4681	4.5956	78.534	94.397	1057.1	-0.25418	undefined	undefined	liquid
359.10	20.500	23.454	0.042636	1.5965	2.4705	4.5905	78.529	94.388	1057.7	-0.25432	undefined	undefined	liquid
359.10	20.600	23.458	0.042630	1.5947	2.4729	4.5853	78.525	94.378	1058.3	-0.25446	undefined	undefined	liquid
359.10	20.700	23.461	0.042624	1.5930	2.4753	4.5801	78.521	94.369	1058.9	-0.25460	undefined	undefined	liquid
359.10	20.800	23.465	0.042618	1.5913	2.4777	4.5749	78.517	94.360	1059.5	-0.25474	undefined	undefined	liquid
359.10	20.900	23.468	0.042611	1.5895	2.4801	4.5697	78.513	94.351	1060.1	-0.25487	undefined	undefined	liquid
359.10	21.000	23.471	0.042605	1.5878	2.4825	4.5646	78.509	94.341	1060.7	-0.25501	undefined	undefined	liquid
359.10	21.100	23.475	0.042599	1.5861	2.4849	4.5594	78.505	94.332	1061.3	-0.25515	undefined	undefined	liquid
359.10	21.200	23.478	0.042593	1.5844	2.4873	4.5543	78.501	94.323	1061.9	-0.25529	undefined	undefined	liquid
359.10	21.300	23.481	0.042587	1.5826	2.4898	4.5491	78.497	94.314	1062.5	-0.25542	undefined	undefined	liquid
359.10	21.400	23.485	0.042581	1.5809	2.4922	4.5440	78.493	94.305	1063.1	-0.25556	undefined	undefined	liquid
359.10	21.500	23.488	0.042575	1.5792	2.4946	4.5388	78.488	94.296	1063.7	-0.25569	undefined	undefined	liquid
359.10	21.600	23.491	0.042569	1.5775	2.4970	4.5337	78.484	94.287	1064.3	-0.25583	undefined	undefined	liquid
359.10	21.700	23.494	0.042563	1.5758	2.4994	4.5285	78.480	94.278	1064.9	-0.25596	undefined	undefined	liquid
359.10	21.800	23.498	0.042557	1.5741	2.5018	4.5234	78.476	94.269	1065.5	-0.25610	undefined	undefined	liquid
359.10	21.900	23.501	0.042551	1.5724	2.5042	4.5183	78.472	94.260	1066.1	-0.25623	undefined	undefined	liquid
359.10	22.000	23.504	0.042545	1.5706	2.5066	4.5132	78.468	94.251	1066.7	-0.25636	undefined	undefined	liquid
359.10	22.100	23.508	0.042539	1.5689	2.5091	4.5080	78.464	94.242	1067.3	-0.25650	undefined	undefined	liquid
359.10	22.200	23.511	0.042533	1.5672	2.5115	4.5029	78.460	94.233	1067.9	-0.25663	undefined	undefined	liquid
359.10	22.300	23.514	0.042527	1.5655	2.5139	4.4978	78.456	94.224	1068.5	-0.25676	undefined	undefined	liquid
359.10	22.400	23.517	0.042522	1.5638	2.5163	4.4927	78.452	94.215	1069.1	-0.25689	undefined	undefined	liquid
359.10	22.500	23.521	0.042516	1.5621	2.5187	4.4876	78.449	94.206	1069.7	-0.25702	undefined	undefined	liquid
359.10	22.600	23.524	0.042510	1.5604	2.5212	4.4825	78.445	94.197	1070.3	-0.25715	undefined	undefined	liquid
359.10	22.700	23.527	0.042504	1.5587	2.5236	4.4774	78.441	94.188	1070.9	-0.25728	undefined	undefined	liquid
359.10	22.800	23.531	0.042498	1.5571	2.5260	4.4723	78.437	94.179	1071.5	-0.25741	undefined	undefined	liquid
359.10	22.900	23.534	0.042492	1.5554	2.5284	4.4673	78.433	94.171	1072.1	-0.25754	undefined	undefined	liquid
359.10	23.000	23.537	0.042486	1.5537	2.5309	4.4622	78.429	94.162	1072.7	-0.25767	undefined	undefined	liquid
359.10	23.100	23.540	0.042480	1.5520	2.5333	4.4571	78.425	94.153	1073.3	-0.25780	undefined	undefined	liquid
359.10	23.200	23.544	0.042474	1.5503	2.5357	4.4520	78.421	94.144	1073.9	-0.25793	undefined	undefined	liquid
359.10	23.300	23.547	0.042469	1.5486	2.5381	4.4470	78.417	94.135	1074.5	-0.25806	undefined	undefined	liquid
359.10	23.400	23.550	0.042463	1.5469	2.5406	4.4419	78.413	94.127	1075.1	-0.25819	undefined	undefined	liquid
359.10	23.500	23.553	0.042457	1.5453	2.5430	4.4369	78.409	94.118	1075.6	-0.25832	undefined	undefined	liquid
359.10	23.600	23.557	0.042451	1.5436	2.5454	4.4318	78.406	94.109	1076.2	-0.25844	undefined	undefined	liquid
359.10	23.700	23.560	0.042445	1.5419	2.5479	4.4268	78.402	94.101	1076.8	-0.25857	undefined	undefined	liquid
359.10	23.800	23.563	0.042439	1.5402	2.5503	4.4217	78.398	94.092	1077.4	-0.25870	undefined	undefined	liquid
359.10	23.900	23.566	0.042434	1.5386	2.5527	4.4167	78.394	94.083	1078.0	-0.25882	undefined	undefined	liquid
359.10	24.000	23.569	0.042428	1.5369	2.5552	4.4117	78.390	94.075	1078.6	-0.25895	undefined	undefined	liquid
359.10	24.100	23.573	0.042422	1.5352	2.5576	4.4066	78.387	94.066	1079.1	-0.25907	undefined	undefined	liquid
359.10	24.200	23.576	0.042416	1.5336	2.5600	4.4016	78.383	94.058	1079.7	-0.25920	undefined	undefined	liquid
359.10	24.300	23.579	0.042410	1.5319	2.5625	4.3966	78.379	94.049	1080.3	-0.25932	undefined	undefined	liquid
359.10	24.400	23.582	0.042405	1.5302	2.5649	4.3916	78.375	94.041	1080.9	-0.25945	undefined	undefined	liquid
359.10	24.500	23.586	0.042399	1.5286	2.5674	4.3866	78.371	94.032	1081.5	-0.25957	undefined	undefined	liquid
359.10	24.600	23.589	0.042393	1.5269	2.5698	4.3815	78.368	94.024	1082.1	-0.25970	undefined	undefined	liquid
359.10	24.700	23.592	0.042387	1.5253	2.5722	4.3765	78.364	94.015	1082.6	-0.25982	undefined	undefined	liquid
359.10	24.800	23.595	0.042382	1.5236	2.5747	4.3715	78.360	94.007	1083.2	-0.25994	undefined	undefined	liquid
359.10	24.900	23.598	0.042376	1.5220	2.5771	4.3665	78.356	93.998	1083.8	-0.26007	undefined	undefined	liquid
359.10	25.000	23.601	0.042370	1.5203	2.5796	4.3616	78.353	93.990	1084.4	-0.26019	undefined	undefined	liquid
359.10	25.100	23.605	0.042364	1.5187	2.5820	4.3566	78.349	93.981	1084.9	-0.26031	undefined	undefined	liquid
359.10	25.200	23.608	0.042359	1.5170	2.5845	4.3516	78.345	93.973	1085.5	-0.26043	undefined	undefined	liquid
359.10	25.300	23.611	0.042353	1.5154	2.5869	4.3466	78.342	93.964	1086.1	-0.26055	undefined	undefined	liquid
359.10	25.400	23.614	0.042347	1.5137	2.5894	4.3416	78.338	93.956	1086.7	-0.26067	undefined	undefined	liquid
359.10	25.500	23.617	0.042342	1.5121	2.5918	4.3367	78.334	93.948	1087.2	-0.26079	undefined	undefined	liquid
359.10	25.600	23.621	0.042336	1.5105	2.5943	4.3317	78.331	93.939	1087.8	-0.26091	undefined	undefined	liquid
359.10	25.700	23.624	0.042330	1.5088	2.5967	4.3267	78.327	93.931	1088.4	-0.26103	undefined	undefined	liquid
359.10	25.800	23.627	0.042325	1.5072	2.5992	4.3218	78.323	93.923	1088.9	-0.26115	undefined	undefined	liquid
359.10	25.900	23.630	0.042319	1.5056	2.6016	4.3168	78.320	93.915	1089.5	-0.26127	undefined	undefined	liquid
359.10	26.000	23.633	0.042313	1.5039	2.6041	4.3119	78.316	93.906	1090.1	-0.26139	undefined	undefined	liquid
359.10	26.100	23.636	0.042308	1.5023	2.6065	4.3069	78.312	93.898	1090.7	-0.26151	undefined	undefined	liquid
359.10	26.200	23.639	0.042302	1.5007	2.6090	4.3020	78.309	93.890	1091.2	-0.26163	undefined	undefined	liquid
359.10	26.300	23.643	0.042297	1.4990	2.6114	4.2971	78.305	93.882	1091.8	-0.26175	undefined	undefined	liquid
359.10	26.400	23.646	0.042291	1.4974	2.6139	4.2921	78.301	93.873	1092.4	-0.26187	undefined	undefined	liquid
359.10	26.500	23.649	0.042285	1.4958	2.6164	4.2872	78.298	93.865	1092.9	-0.26198	undefined	undefined	liquid
359.10	26.600	23.652	0.042280	1.4942	2.6188	4.2823	78.294	93.857	1093.5	-0.26210	undefined	undefined	liquid
359.10	26.700	23.655	0.042274	1.4926	2.6213	4.2773	78.291	93.849	1094.1	-0.26222	undefined	undefined	liquid
359.10	26.800	23.658	0.042269	1.4909	2.6237	4.2724	78.287	93.841	1094.6	-0.26233	undefined	undefined	liquid
359.10	26.900	23.661	0.042263	1.4893	2.6262	4.2675	78.284	93.833	1095.2	-0.26245	undefined	undefined	liquid
359.10	27.000	23.664	0.042257	1.4877	2.6287	4.2626	78.280	93.825	1095.7	-0.26257	undefined	undefined	liquid
359.10	27.100	23.668	0.042252	1.4861	2.6311	4.2577	78.276	93.816	1096.3	-0.26268	undefined	undefined	liquid
359.10	27.200	23.671	0.042246	1.4845	2.6336	4.2528	78.273	93.808	1096.9	-0.26280	undefined	undefined	liquid
359.10	27.300	23.674	0.042241	1.4829	2.6361	4.2479	78.269	93.800	1097.4	-0.26291	undefined	undefined	liquid
359.10	27.400	23.677	0.042235	1.4813	2.6385	4.2430	78.266	93.792	1098.0	-0.26303	undefined	undefined	liquid
359.10	27.500	23.680	0.042230	1.4797	2.6410	4.2381	78.262	93.784	1098.5	-0.26314	undefined	undefined	liquid
359.10	27.600	23.683	0.042224	1.4781	2.6435	4.2332	78.259	93.776	1099.1	-0.26325	undefined	undefined	liquid
359.10	27.700	23.686	0.042219	1.4765	2.6459	4.2283	78.255	93.768	1099.7	-0.26337	undefined	undefined	liquid
359.10	27.800	23.689	0.042213	1.4749	2.6484	4.2235	78.252	93.760	1100.2	-0.26348	undefined	undefined	liquid
359.10	27.900	23.692	0.042208	1.4733	2.6509	4.2186	78.248	93.752	1100.8	-0.26359	undefined	undefined	liquid
359.10	28.000	23.695	0.042202	1.4717	2.6533	4.2137	78.245	93.744	1101.3	-0.26371	undefined	undefined	liquid
359.10	28.100	23.699	0.042197	1.4701	2.6558	4.2089	78.241	93.737	1101.9	-0.26382	undefined	undefined	liquid
359.10	28.200	23.702	0.042191	1.4685	2.6583	4.2040	78.238	93.729	1102.4	-0.26393	undefined	undefined	liquid
359.10	28.300	23.705	0.042186	1.4669	2.6608	4.1991	78.234	93.721	1103.0	-0.26404	undefined	undefined	liquid
359.10	28.400	23.708	0.042180	1.4653	2.6632	4.1943	78.231	93.713	1103.6	-0.26416	undefined	undefined	liquid
359.10	28.500	23.711	0.042175	1.4637	2.6657	4.1894	78.228	93.705	1104.1	-0.26427	undefined	undefined	liquid
359.10	28.600	23.714	0.042169	1.4621	2.6682	4.1846	78.224	93.697	1104.7	-0.26438	undefined	undefined	liquid
359.10	28.700	23.717	0.042164	1.4606	2.6707	4.1797	78.221	93.689	1105.2	-0.26449	undefined	undefined	liquid
359.10	28.800	23.720	0.042158	1.4590	2.6731	4.1749	78.217	93.682	1105.8	-0.26460	undefined	undefined	liquid
359.10	28.900	23.723	0.042153	1.4574	2.6756	4.1701	78.214	93.674	1106.3	-0.26471	undefined	undefined	liquid
359.10	29.000	23.726	0.042148	1.4558	2.6781	4.1652	78.210	93.666	1106.9	-0.26482	undefined	undefined	liquid
359.10	29.100	23.729	0.042142	1.4542	2.6806	4.1604	78.207	93.658	1107.4	-0.26493	undefined	undefined	liquid
359.10	29.200	23.732	0.042137	1.4527	2.6831	4.1556	78.204	93.650	1108.0	-0.26504	undefined	undefined	liquid
359.10	29.300	23.735	0.042131	1.4511	2.6856	4.1508	78.200	93.643	1108.5	-0.26515	undefined	undefined	liquid
359.10	29.400	23.738	0.042126	1.4495	2.6880	4.1459	78.197	93.635	1109.1	-0.26525	undefined	undefined	liquid
359.10	29.500	23.741	0.042121	1.4480	2.6905	4.1411	78.193	93.627	1109.6	-0.26536	undefined	undefined	liquid
359.10	29.600	23.744	0.042115	1.4464	2.6930	4.1363	78.190	93.620	1110.1	-0.26547	undefined	undefined	liquid
359.10	29.700	23.747	0.042110	1.4448	2.6955	4.1315	78.187	93.612	1110.7	-0.26558	undefined	undefined	liquid
359.10	29.800	23.750	0.042104	1.4433	2.6980	4.1267	78.183	93.604	1111.2	-0.26569	undefined	undefined	liquid
359.10	29.900	23.753	0.042099	1.4417	2.7005	4.1219	78.180	93.597	1111.8	-0.26579	undefined	undefined	liquid
359.10	30.000	23.756	0.042094	1.4401	2.7030	4.1171	78.177	93.589	1112.3	-0.26590	undefined	undefined	liquid
359.10	30.100	23.760	0.042088	1.4386	2.7054	4.1123	78.173	93.581	1112.9	-0.26601	undefined	undefined	liquid
359.10	30.200	23.763	0.042083	1.4370	2.7079	4.1076	78.170	93.574	1113.4	-0.26611	undefined	undefined	liquid
359.10	30.300	23.766	0.042078	1.4355	2.7104	4.1028	78.167	93.566	1114.0	-0.26622	undefined	undefined	liquid
359.10	30.400	23.769	0.042072	1.4339	2.7129	4.0980	78.163	93.559	1114.5	-0.26633	undefined	undefined	liquid
359.10	30.500	23.772	0.042067	1.4324	2.7154	4.0932	78.160	93.551	1115.0	-0.26643	undefined	undefined	liquid
359.10	30.600	23.775	0.042062	1.4308	2.7179	4.0884	78.157	93.543	1115.6	-0.26654	undefined	undefined	liquid
359.10	30.700	23.778	0.042056	1.4293	2.7204	4.0837	78.154	93.536	1116.1	-0.26664	undefined	undefined	liquid
359.10	30.800	23.781	0.042051	1.4277	2.7229	4.0789	78.150	93.528	1116.7	-0.26675	undefined	undefined	liquid
359.10	30.900	23.784	0.042046	1.4262	2.7254	4.0741	78.147	93.521	1117.2	-0.26685	undefined	undefined	liquid
359.10	31.000	23.787	0.042041	1.4246	2.7279	4.0694	78.144	93.513	1117.7	-0.26696	undefined	undefined	liquid
359.10	31.100	23.790	0.042035	1.4231	2.7304	4.0646	78.140	93.506	1118.3	-0.26706	undefined	undefined	liquid
359.10	31.200	23.793	0.042030	1.4215	2.7329	4.0599	78.137	93.498	1118.8	-0.26716	undefined	undefined	liquid
359.10	31.300	23.795	0.042025	1.4200	2.7354	4.0551	78.134	93.491	1119.3	-0.26727	undefined	undefined	liquid
359.10	31.400	23.798	0.042020	1.4185	2.7379	4.0504	78.131	93.484	1119.9	-0.26737	undefined	undefined	liquid
359.10	31.500	23.801	0.042014	1.4169	2.7404	4.0457	78.127	93.476	1120.4	-0.26747	undefined	undefined	liquid
359.10	31.600	23.804	0.042009	1.4154	2.7429	4.0409	78.124	93.469	1120.9	-0.26758	undefined	undefined	liquid
359.10	31.700	23.807	0.042004	1.4139	2.7454	4.0362	78.121	93.461	1121.5	-0.26768	undefined	undefined	liquid
359.10	31.800	23.810	0.041999	1.4123	2.7479	4.0315	78.118	93.454	1122.0	-0.26778	undefined	undefined	liquid
359.10	31.900	23.813	0.041993	1.4108	2.7504	4.0267	78.115	93.447	1122.5	-0.26788	undefined	undefined	liquid
359.10	32.000	23.816	0.041988	1.4093	2.7529	4.0220	78.111	93.439	1123.1	-0.26798	undefined	undefined	liquid
359.10	32.100	23.819	0.041983	1.4077	2.7554	4.0173	78.108	93.432	1123.6	-0.26809	undefined	undefined	liquid
359.10	32.200	23.822	0.041978	1.4062	2.7579	4.0126	78.105	93.425	1124.1	-0.26819	undefined	undefined	liquid
359.10	32.300	23.825	0.041972	1.4047	2.7604	4.0079	78.102	93.417	1124.7	-0.26829	undefined	undefined	liquid
359.10	32.400	23.828	0.041967	1.4032	2.7629	4.0032	78.099	93.410	1125.2	-0.26839	undefined	undefined	liquid
359.10	32.500	23.831	0.041962	1.4016	2.7654	3.9985	78.095	93.403	1125.7	-0.26849	undefined	undefined	liquid
359.10	32.600	23.834	0.041957	1.4001	2.7679	3.9938	78.092	93.395	1126.2	-0.26859	undefined	undefined	liquid
359.10	32.700	23.837	0.041952	1.3986	2.7704	3.9891	78.089	93.388	1126.8	-0.26869	undefined	undefined	liquid
359.10	32.800	23.840	0.041947	1.3971	2.7729	3.9844	78.086	93.381	1127.3	-0.26879	undefined	undefined	liquid
359.10	32.900	23.843	0.041941	1.3956	2.7754	3.9797	78.083	93.374	1127.8	-0.26889	undefined	undefined	liquid
359.10	33.000	23.846	0.041936	1.3941	2.7780	3.9750	78.080	93.366	1128.4	-0.26899	undefined	undefined	liquid
359.10	33.100	23.849	0.041931	1.3925	2.7805	3.9703	78.077	93.359	1128.9	-0.26909	undefined	undefined	liquid
359.10	33.200	23.852	0.041926	1.3910	2.7830	3.9656	78.073	93.352	1129.4	-0.26919	undefined	undefined	liquid
359.10	33.300	23.855	0.041921	1.3895	2.7855	3.9610	78.070	93.345	1129.9	-0.26928	undefined	undefined	liquid
359.10	33.400	23.857	0.041916	1.3880	2.7880	3.9563	78.067	93.338	1130.5	-0.26938	undefined	undefined	liquid
359.10	33.500	23.860	0.041911	1.3865	2.7905	3.9516	78.064	93.331	1131.0	-0.26948	undefined	undefined	liquid
359.10	33.600	23.863	0.041905	1.3850	2.7930	3.9470	78.061	93.323	1131.5	-0.26958	undefined	undefined	liquid
359.10	33.700	23.866	0.041900	1.3835	2.7956	3.9423	78.058	93.316	1132.0	-0.26967	undefined	undefined	liquid
359.10	33.800	23.869	0.041895	1.3820	2.7981	3.9376	78.055	93.309	1132.5	-0.26977	undefined	undefined	liquid
359.10	33.900	23.872	0.041890	1.3805	2.8006	3.9330	78.052	93.302	1133.1	-0.26987	undefined	undefined	liquid
359.10	34.000	23.875	0.041885	1.3790	2.8031	3.9283	78.049	93.295	1133.6	-0.26997	undefined	undefined	liquid
359.10	34.100	23.878	0.041880	1.3775	2.8056	3.9237	78.046	93.288	1134.1	-0.27006	undefined	undefined	liquid
359.10	34.200	23.881	0.041875	1.3760	2.8081	3.9190	78.043	93.281	1134.6	-0.27016	undefined	undefined	liquid
359.10	34.300	23.884	0.041870	1.3745	2.8107	3.9144	78.039	93.274	1135.1	-0.27025	undefined	undefined	liquid
359.10	34.400	23.886	0.041865	1.3730	2.8132	3.9098	78.036	93.267	1135.7	-0.27035	undefined	undefined	liquid
359.10	34.500	23.889	0.041860	1.3716	2.8157	3.9051	78.033	93.260	1136.2	-0.27045	undefined	undefined	liquid
359.10	34.600	23.892	0.041855	1.3701	2.8182	3.9005	78.030	93.253	1136.7	-0.27054	undefined	undefined	liquid
359.10	34.700	23.895	0.041849	1.3686	2.8208	3.8959	78.027	93.246	1137.2	-0.27064	undefined	undefined	liquid
359.10	34.800	23.898	0.041844	1.3671	2.8233	3.8912	78.024	93.239	1137.7	-0.27073	undefined	undefined	liquid
359.10	34.900	23.901	0.041839	1.3656	2.8258	3.8866	78.021	93.232	1138.3	-0.27083	undefined	undefined	liquid
359.10	35.000	23.904	0.041834	1.3641	2.8283	3.8820	78.018	93.225	1138.8	-0.27092	undefined	undefined	liquid
359.10	35.100	23.907	0.041829	1.3626	2.8309	3.8774	78.015	93.218	1139.3	-0.27101	undefined	undefined	liquid
359.10	35.200	23.910	0.041824	1.3612	2.8334	3.8728	78.012	93.211	1139.8	-0.27111	undefined	undefined	liquid
359.10	35.300	23.912	0.041819	1.3597	2.8359	3.8682	78.009	93.204	1140.3	-0.27120	undefined	undefined	liquid
359.10	35.400	23.915	0.041814	1.3582	2.8384	3.8636	78.006	93.197	1140.8	-0.27130	undefined	undefined	liquid
359.10	35.500	23.918	0.041809	1.3567	2.8410	3.8590	78.003	93.190	1141.3	-0.27139	undefined	undefined	liquid
359.10	35.600	23.921	0.041804	1.3553	2.8435	3.8544	78.000	93.183	1141.8	-0.27148	undefined	undefined	liquid
359.10	35.700	23.924	0.041799	1.3538	2.8460	3.8498	77.997	93.176	1142.4	-0.27158	undefined	undefined	liquid
359.10	35.800	23.927	0.041794	1.3523	2.8486	3.8452	77.994	93.169	1142.9	-0.27167	undefined	undefined	liquid
359.10	35.900	23.930	0.041789	1.3509	2.8511	3.8406	77.991	93.163	1143.4	-0.27176	undefined	undefined	liquid
359.10	36.000	23.932	0.041784	1.3494	2.8536	3.8360	77.988	93.156	1143.9	-0.27185	undefined	undefined	liquid
359.10	36.100	23.935	0.041779	1.3479	2.8562	3.8314	77.985	93.149	1144.4	-0.27194	undefined	undefined	liquid
359.10	36.200	23.938	0.041774	1.3465	2.8587	3.8268	77.982	93.142	1144.9	-0.27204	undefined	undefined	liquid
359.10	36.300	23.941	0.041769	1.3450	2.8612	3.8223	77.979	93.135	1145.4	-0.27213	undefined	undefined	liquid
359.10	36.400	23.944	0.041764	1.3435	2.8638	3.8177	77.976	93.129	1145.9	-0.27222	undefined	undefined	liquid
359.10	36.500	23.947	0.041760	1.3421	2.8663	3.8131	77.974	93.122	1146.4	-0.27231	undefined	undefined	liquid
359.10	36.600	23.949	0.041755	1.3406	2.8688	3.8086	77.971	93.115	1146.9	-0.27240	undefined	undefined	liquid
359.10	36.700	23.952	0.041750	1.3392	2.8714	3.8040	77.968	93.108	1147.5	-0.27249	undefined	undefined	liquid
359.10	36.800	23.955	0.041745	1.3377	2.8739	3.7994	77.965	93.101	1148.0	-0.27258	undefined	undefined	liquid
359.10	36.900	23.958	0.041740	1.3362	2.8764	3.7949	77.962	93.095	1148.5	-0.27267	undefined	undefined	liquid
359.10	37.000	23.961	0.041735	1.3348	2.8790	3.7903	77.959	93.088	1149.0	-0.27276	undefined	undefined	liquid
359.10	37.100	23.964	0.041730	1.3333	2.8815	3.7858	77.956	93.081	1149.5	-0.27285	undefined	undefined	liquid
359.10	37.200	23.966	0.041725	1.3319	2.8841	3.7812	77.953	93.075	1150.0	-0.27294	undefined	undefined	liquid
359.10	37.300	23.969	0.041720	1.3304	2.8866	3.7767	77.950	93.068	1150.5	-0.27303	undefined	undefined	liquid
359.10	37.400	23.972	0.041715	1.3290	2.8891	3.7721	77.947	93.061	1151.0	-0.27312	undefined	undefined	liquid
359.10	37.500	23.975	0.041710	1.3275	2.8917	3.7676	77.944	93.055	1151.5	-0.27321	undefined	undefined	liquid
359.10	37.600	23.978	0.041705	1.3261	2.8942	3.7631	77.942	93.048	1152.0	-0.27330	undefined	undefined	liquid
359.10	37.700	23.980	0.041701	1.3247	2.8968	3.7585	77.939	93.041	1152.5	-0.27339	undefined	undefined	liquid
359.10	37.800	23.983	0.041696	1.3232	2.8993	3.7540	77.936	93.035	1153.0	-0.27347	undefined	undefined	liquid
359.10	37.900	23.986	0.041691	1.3218	2.9019	3.7495	77.933	93.028	1153.5	-0.27356	undefined	undefined	liquid
359.10	38.000	23.989	0.041686	1.3203	2.9044	3.7450	77.930	93.021	1154.0	-0.27365	undefined	undefined	liquid
359.10	38.100	23.992	0.041681	1.3189	2.9069	3.7404	77.927	93.015	1154.5	-0.27374	undefined	undefined	liquid
359.10	38.200	23.994	0.041676	1.3175	2.9095	3.7359	77.924	93.008	1155.0	-0.27383	undefined	undefined	liquid
359.10	38.300	23.997	0.041671	1.3160	2.9120	3.7314	77.922	93.002	1155.5	-0.27391	undefined	undefined	liquid
359.10	38.400	24.000	0.041667	1.3146	2.9146	3.7269	77.919	92.995	1156.0	-0.27400	undefined	undefined	liquid
359.10	38.500	24.003	0.041662	1.3132	2.9171	3.7224	77.916	92.988	1156.5	-0.27409	undefined	undefined	liquid
359.10	38.600	24.006	0.041657	1.3117	2.9197	3.7179	77.913	92.982	1157.0	-0.27417	undefined	undefined	liquid
359.10	38.700	24.008	0.041652	1.3103	2.9222	3.7134	77.910	92.975	1157.5	-0.27426	undefined	undefined	liquid
359.10	38.800	24.011	0.041647	1.3089	2.9248	3.7089	77.907	92.969	1158.0	-0.27435	undefined	undefined	liquid
359.10	38.900	24.014	0.041642	1.3074	2.9273	3.7044	77.905	92.962	1158.5	-0.27443	undefined	undefined	liquid
359.10	39.000	24.017	0.041638	1.3060	2.9299	3.6999	77.902	92.956	1159.0	-0.27452	undefined	undefined	liquid
359.10	39.100	24.019	0.041633	1.3046	2.9324	3.6954	77.899	92.949	1159.5	-0.27460	undefined	undefined	liquid
359.10	39.200	24.022	0.041628	1.3032	2.9350	3.6910	77.896	92.943	1160.0	-0.27469	undefined	undefined	liquid
359.10	39.300	24.025	0.041623	1.3018	2.9375	3.6865	77.893	92.936	1160.5	-0.27478	undefined	undefined	liquid
359.10	39.400	24.028	0.041618	1.3003	2.9401	3.6820	77.891	92.930	1160.9	-0.27486	undefined	undefined	liquid
359.10	39.500	24.031	0.041614	1.2989	2.9427	3.6775	77.888	92.924	1161.4	-0.27495	undefined	undefined	liquid
359.10	39.600	24.033	0.041609	1.2975	2.9452	3.6730	77.885	92.917	1161.9	-0.27503	undefined	undefined	liquid
359.10	39.700	24.036	0.041604	1.2961	2.9478	3.6686	77.882	92.911	1162.4	-0.27511	undefined	undefined	liquid
359.10	39.800	24.039	0.041599	1.2947	2.9503	3.6641	77.880	92.904	1162.9	-0.27520	undefined	undefined	liquid
359.10	39.900	24.042	0.041595	1.2933	2.9529	3.6596	77.877	92.898	1163.4	-0.27528	undefined	undefined	liquid
359.10	40.000	24.044	0.041590	1.2918	2.9554	3.6552	77.874	92.891	1163.9	-0.27537	undefined	undefined	liquid
359.10	40.100	24.047	0.041585	1.2904	2.9580	3.6507	77.871	92.885	1164.4	-0.27545	undefined	undefined	liquid
359.10	40.200	24.050	0.041580	1.2890	2.9606	3.6463	77.869	92.879	1164.9	-0.27553	undefined	undefined	liquid
359.10	40.300	24.053	0.041576	1.2876	2.9631	3.6418	77.866	92.872	1165.4	-0.27562	undefined	undefined	liquid
359.10	40.400	24.055	0.041571	1.2862	2.9657	3.6374	77.863	92.866	1165.9	-0.27570	undefined	undefined	liquid
359.10	40.500	24.058	0.041566	1.2848	2.9682	3.6329	77.860	92.860	1166.3	-0.27578	undefined	undefined	liquid
