Temperature (K)	Pressure (MPa)	Density (mol/l)	Volume (l/mol)	Internal Energy (kJ/mol)	Enthalpy (kJ/mol)	Entropy (J/mol*K)	Cv (J/mol*K)	Cp (J/mol*K)	Sound Spd. (m/s)	Joule-Thomson (K/MPa)	Viscosity (uPa*s)	Therm. Cond. (W/m*K)	Phase
398.15	0.050000	0.015102	66.217	8.2748	11.586	205.80	20.933	29.257	406.46	1.0258	22.135	0.032080	vapor
398.15	1.0500	0.31625	3.1621	8.2360	11.556	180.39	20.970	29.488	408.88	0.98289	22.254	0.032342	vapor
398.15	2.0500	0.61558	1.6245	8.1975	11.528	174.74	21.005	29.716	411.41	0.94060	22.377	0.032641	vapor
398.15	3.0500	0.91292	1.0954	8.1593	11.500	171.34	21.041	29.939	414.04	0.89890	22.503	0.032970	vapor
398.15	4.0500	1.2081	0.82774	8.1215	11.474	168.89	21.076	30.159	416.79	0.85778	22.634	0.033325	vapor
398.15	4.0500	1.2081	0.82774	8.1215	11.474	168.89	21.076	30.159	416.79	0.85778	22.634	0.033325	supercritical
398.15	4.0500	1.2081	0.82774	8.1215	11.474	168.89	21.076	30.159	416.79	0.85778	22.634	0.033325	supercritical
398.15	5.0500	1.5010	0.66622	8.0841	11.449	166.96	21.110	30.374	419.63	0.81723	22.770	0.033701	supercritical
398.15	6.0500	1.7914	0.55821	8.0470	11.424	165.37	21.143	30.584	422.57	0.77728	22.909	0.034094	supercritical
398.15	7.0500	2.0793	0.48093	8.0104	11.401	164.02	21.176	30.790	425.60	0.73795	23.053	0.034499	supercritical
398.15	8.0500	2.3645	0.42293	7.9742	11.379	162.83	21.209	30.990	428.73	0.69925	23.201	0.034915	supercritical
398.15	9.0500	2.6468	0.37781	7.9384	11.358	161.77	21.241	31.185	431.95	0.66122	23.354	0.035339	supercritical
398.15	10.050	2.9262	0.34174	7.9031	11.338	160.82	21.272	31.375	435.25	0.62386	23.510	0.035769	supercritical
398.15	11.050	3.2026	0.31225	7.8682	11.318	159.95	21.303	31.558	438.64	0.58722	23.671	0.036203	supercritical
398.15	12.050	3.4759	0.28770	7.8337	11.300	159.15	21.334	31.737	442.10	0.55131	23.836	0.036641	supercritical
398.15	13.050	3.7460	0.26695	7.7997	11.283	158.41	21.364	31.909	445.64	0.51615	24.005	0.037081	supercritical
398.15	14.050	4.0128	0.24920	7.7662	11.268	157.73	21.393	32.075	449.25	0.48176	24.179	0.037523	supercritical
398.15	15.050	4.2763	0.23385	7.7332	11.253	157.08	21.422	32.236	452.94	0.44816	24.356	0.037966	supercritical
398.15	16.050	4.5365	0.22044	7.7006	11.239	156.48	21.451	32.391	456.69	0.41534	24.537	0.038410	supercritical
398.15	17.050	4.7932	0.20863	7.6685	11.226	155.91	21.479	32.540	460.50	0.38333	24.721	0.038855	supercritical
398.15	18.050	5.0465	0.19816	7.6369	11.214	155.37	21.507	32.684	464.37	0.35213	24.910	0.039301	supercritical
398.15	19.050	5.2964	0.18881	7.6058	11.203	154.85	21.534	32.822	468.30	0.32174	25.101	0.039746	supercritical
398.15	20.050	5.5427	0.18042	7.5752	11.193	154.36	21.561	32.954	472.27	0.29215	25.296	0.040193	supercritical
398.15	21.050	5.7856	0.17284	7.5450	11.183	153.90	21.588	33.081	476.30	0.26337	25.495	0.040639	supercritical
398.15	22.050	6.0250	0.16598	7.5153	11.175	153.45	21.614	33.203	480.38	0.23539	25.696	0.041086	supercritical
398.15	23.050	6.2608	0.15972	7.4861	11.168	153.02	21.640	33.319	484.50	0.20821	25.901	0.041534	supercritical
398.15	24.050	6.4932	0.15401	7.4574	11.161	152.61	21.666	33.430	488.66	0.18180	26.108	0.041982	supercritical
398.15	25.050	6.7222	0.14876	7.4291	11.156	152.22	21.691	33.537	492.85	0.15617	26.318	0.042431	supercritical
398.15	26.050	6.9477	0.14393	7.4013	11.151	151.84	21.716	33.639	497.08	0.13130	26.531	0.042880	supercritical
398.15	27.050	7.1698	0.13947	7.3739	11.147	151.47	21.741	33.736	501.34	0.10718	26.746	0.043330	supercritical
398.15	28.050	7.3885	0.13535	7.3470	11.144	151.12	21.766	33.829	505.63	0.083792	26.963	0.043781	supercritical
398.15	29.050	7.6038	0.13151	7.3206	11.141	150.78	21.790	33.918	509.95	0.061119	27.183	0.044232	supercritical
398.15	30.050	7.8158	0.12795	7.2946	11.139	150.45	21.814	34.002	514.29	0.039147	27.405	0.044684	supercritical
398.15	31.050	8.0246	0.12462	7.2690	11.138	150.13	21.838	34.083	518.65	0.017859	27.628	0.045136	supercritical
398.15	32.050	8.2301	0.12151	7.2439	11.138	149.82	21.861	34.160	523.02	-0.0027606	27.854	0.045589	supercritical
398.15	33.050	8.4324	0.11859	7.2192	11.139	149.52	21.885	34.233	527.42	-0.022730	28.081	0.046042	supercritical
398.15	34.050	8.6316	0.11585	7.1949	11.140	149.23	21.908	34.303	531.83	-0.042068	28.310	0.046496	supercritical
398.15	35.050	8.8277	0.11328	7.1710	11.141	148.94	21.931	34.369	536.25	-0.060790	28.541	0.046950	supercritical
398.15	36.050	9.0207	0.11086	7.1475	11.144	148.67	21.953	34.432	540.68	-0.078915	28.773	0.047404	supercritical
398.15	37.050	9.2107	0.10857	7.1244	11.147	148.40	21.976	34.492	545.12	-0.096461	29.006	0.047859	supercritical
398.15	38.050	9.3978	0.10641	7.1017	11.150	148.14	21.998	34.550	549.56	-0.11344	29.240	0.048313	supercritical
398.15	39.050	9.5820	0.10436	7.0794	11.155	147.89	22.020	34.604	554.01	-0.12988	29.476	0.048768	supercritical
398.15	40.050	9.7634	0.10242	7.0574	11.159	147.64	22.042	34.656	558.47	-0.14579	29.713	0.049222	supercritical
398.15	41.050	9.9419	0.10058	7.0358	11.165	147.40	22.064	34.706	562.92	-0.16120	29.950	0.049676	supercritical
398.15	42.050	10.118	0.098836	7.0146	11.171	147.16	22.086	34.753	567.38	-0.17610	30.189	0.050130	supercritical
398.15	43.050	10.291	0.097173	6.9937	11.177	146.93	22.107	34.798	571.84	-0.19053	30.428	0.050584	supercritical
398.15	44.050	10.461	0.095589	6.9732	11.184	146.71	22.129	34.840	576.29	-0.20450	30.668	0.051037	supercritical
398.15	45.050	10.629	0.094079	6.9530	11.191	146.49	22.150	34.881	580.74	-0.21802	30.909	0.051490	supercritical
398.15	46.050	10.795	0.092637	6.9332	11.199	146.27	22.171	34.920	585.19	-0.23112	31.151	0.051942	supercritical
398.15	47.050	10.958	0.091259	6.9137	11.207	146.06	22.192	34.956	589.63	-0.24379	31.393	0.052394	supercritical
398.15	48.050	11.118	0.089942	6.8945	11.216	145.86	22.213	34.992	594.06	-0.25607	31.635	0.052845	supercritical
398.15	49.050	11.276	0.088680	6.8756	11.225	145.66	22.234	35.025	598.49	-0.26796	31.878	0.053296	supercritical
398.15	50.050	11.432	0.087471	6.8570	11.235	145.46	22.254	35.057	602.91	-0.27947	32.122	0.053745	supercritical
398.15	51.050	11.586	0.086312	6.8387	11.245	145.26	22.275	35.087	607.32	-0.29062	32.365	0.054194	supercritical
398.15	52.050	11.737	0.085199	6.8207	11.255	145.08	22.295	35.116	611.72	-0.30143	32.609	0.054643	supercritical
398.15	53.050	11.886	0.084130	6.8030	11.266	144.89	22.316	35.143	616.11	-0.31190	32.854	0.055090	supercritical
398.15	54.050	12.033	0.083102	6.7856	11.277	144.71	22.336	35.169	620.49	-0.32205	33.098	0.055536	supercritical
398.15	55.050	12.178	0.082113	6.7684	11.289	144.53	22.356	35.194	624.85	-0.33189	33.343	0.055982	supercritical
398.15	56.050	12.321	0.081160	6.7516	11.301	144.35	22.376	35.218	629.21	-0.34142	33.588	0.056426	supercritical
398.15	57.050	12.462	0.080242	6.7350	11.313	144.18	22.396	35.241	633.55	-0.35067	33.833	0.056870	supercritical
398.15	58.050	12.601	0.079357	6.7186	11.325	144.01	22.415	35.262	637.89	-0.35963	34.079	0.057313	supercritical
398.15	59.050	12.738	0.078504	6.7025	11.338	143.85	22.435	35.283	642.20	-0.36833	34.324	0.057755	supercritical
398.15	60.050	12.873	0.077679	6.6867	11.351	143.68	22.454	35.303	646.51	-0.37676	34.569	0.058196	supercritical
398.15	61.050	13.007	0.076883	6.6711	11.365	143.52	22.474	35.321	650.80	-0.38495	34.815	0.058636	supercritical
398.15	62.050	13.138	0.076113	6.6557	11.378	143.37	22.493	35.339	655.07	-0.39289	35.060	0.059075	supercritical
398.15	63.050	13.268	0.075368	6.6406	11.393	143.21	22.513	35.356	659.33	-0.40059	35.305	0.059513	supercritical
398.15	64.050	13.396	0.074647	6.6257	11.407	143.06	22.532	35.372	663.58	-0.40807	35.551	0.059950	supercritical
398.15	65.050	13.523	0.073949	6.6110	11.421	142.91	22.551	35.388	667.81	-0.41533	35.796	0.060386	supercritical
398.15	66.050	13.648	0.073273	6.5965	11.436	142.76	22.570	35.403	672.02	-0.42238	36.041	0.060821	supercritical
398.15	67.050	13.771	0.072618	6.5823	11.451	142.62	22.589	35.417	676.22	-0.42923	36.286	0.061255	supercritical
398.15	68.050	13.892	0.071982	6.5682	11.467	142.47	22.608	35.430	680.40	-0.43588	36.531	0.061689	supercritical
398.15	69.050	14.012	0.071365	6.5544	11.482	142.33	22.626	35.443	684.57	-0.44234	36.776	0.062121	supercritical
398.15	70.050	14.131	0.070766	6.5408	11.498	142.19	22.645	35.456	688.72	-0.44862	37.021	0.062553	supercritical
398.15	71.050	14.248	0.070185	6.5274	11.514	142.06	22.664	35.467	692.86	-0.45471	37.266	0.062983	supercritical
398.15	72.050	14.364	0.069619	6.5141	11.530	141.92	22.682	35.479	696.97	-0.46064	37.510	0.063413	supercritical
398.15	73.050	14.478	0.069070	6.5011	11.547	141.79	22.701	35.489	701.07	-0.46640	37.755	0.063842	supercritical
398.15	74.050	14.591	0.068536	6.4882	11.563	141.66	22.719	35.500	705.16	-0.47200	37.999	0.064270	supercritical
398.15	75.050	14.702	0.068016	6.4756	11.580	141.53	22.738	35.510	709.23	-0.47744	38.243	0.064697	supercritical
398.15	76.050	14.813	0.067510	6.4631	11.597	141.40	22.756	35.519	713.28	-0.48273	38.487	0.065123	supercritical
398.15	77.050	14.921	0.067018	6.4508	11.614	141.28	22.774	35.528	717.31	-0.48788	38.731	0.065549	supercritical
398.15	78.050	15.029	0.066538	6.4386	11.632	141.15	22.792	35.537	721.33	-0.49289	38.974	0.065974	supercritical
398.15	79.050	15.135	0.066070	6.4266	11.649	141.03	22.810	35.545	725.33	-0.49776	39.218	0.066398	supercritical
398.15	80.050	15.241	0.065615	6.4148	11.667	140.91	22.828	35.553	729.31	-0.50250	39.461	0.066821	supercritical
398.15	81.050	15.344	0.065170	6.4032	11.685	140.79	22.846	35.561	733.28	-0.50711	39.704	0.067244	supercritical
398.15	82.050	15.447	0.064737	6.3917	11.703	140.67	22.864	35.568	737.23	-0.51160	39.946	0.067665	supercritical
398.15	83.050	15.549	0.064314	6.3804	11.722	140.56	22.882	35.576	741.16	-0.51596	40.189	0.068086	supercritical
398.15	84.050	15.649	0.063901	6.3692	11.740	140.44	22.899	35.582	745.08	-0.52021	40.431	0.068507	supercritical
398.15	85.050	15.749	0.063498	6.3582	11.759	140.33	22.917	35.589	748.98	-0.52435	40.673	0.068926	supercritical
398.15	86.050	15.847	0.063104	6.3473	11.777	140.22	22.935	35.595	752.86	-0.52838	40.915	0.069345	supercritical
398.15	87.050	15.944	0.062719	6.3366	11.796	140.10	22.952	35.601	756.72	-0.53231	41.157	0.069764	supercritical
398.15	88.050	16.040	0.062343	6.3260	11.815	140.00	22.970	35.607	760.57	-0.53613	41.398	0.070181	supercritical
398.15	89.050	16.135	0.061975	6.3155	11.834	139.89	22.987	35.613	764.41	-0.53985	41.639	0.070598	supercritical
398.15	90.050	16.230	0.061616	6.3052	11.854	139.78	23.004	35.618	768.22	-0.54348	41.880	0.071015	supercritical
398.15	91.050	16.323	0.061264	6.2951	11.873	139.68	23.022	35.624	772.02	-0.54701	42.121	0.071431	supercritical
398.15	92.050	16.415	0.060920	6.2850	11.893	139.57	23.039	35.629	775.80	-0.55045	42.361	0.071846	supercritical
398.15	93.050	16.506	0.060583	6.2751	11.912	139.47	23.056	35.634	779.57	-0.55381	42.602	0.072260	supercritical
398.15	94.050	16.597	0.060253	6.2653	11.932	139.37	23.073	35.639	783.32	-0.55708	42.842	0.072674	supercritical
398.15	95.050	16.686	0.059931	6.2557	11.952	139.26	23.090	35.643	787.05	-0.56026	43.082	0.073088	supercritical
398.15	96.050	16.774	0.059614	6.2461	11.972	139.17	23.107	35.648	790.77	-0.56337	43.321	0.073501	supercritical
398.15	97.050	16.862	0.059305	6.2367	11.992	139.07	23.124	35.652	794.47	-0.56640	43.561	0.073913	supercritical
398.15	98.050	16.949	0.059001	6.2274	12.012	138.97	23.141	35.656	798.16	-0.56935	43.800	0.074325	supercritical
398.15	99.050	17.035	0.058703	6.2183	12.033	138.87	23.158	35.660	801.83	-0.57224	44.039	0.074736	supercritical
398.15	100.05	17.120	0.058412	6.2092	12.053	138.78	23.174	35.664	805.48	-0.57504	44.278	0.075147	supercritical
398.15	101.05	17.204	0.058126	6.2003	12.074	138.68	23.191	35.668	809.12	-0.57778	44.516	0.075557	supercritical
398.15	102.05	17.288	0.057845	6.1914	12.095	138.59	23.208	35.672	812.74	-0.58046	44.754	0.075966	supercritical
398.15	103.05	17.370	0.057570	6.1827	12.115	138.49	23.224	35.676	816.35	-0.58306	44.993	0.076376	supercritical
398.15	104.05	17.452	0.057299	6.1741	12.136	138.40	23.241	35.679	819.94	-0.58561	45.230	0.076784	supercritical
398.15	105.05	17.533	0.057034	6.1656	12.157	138.31	23.257	35.683	823.52	-0.58809	45.468	0.077192	supercritical
398.15	106.05	17.614	0.056774	6.1572	12.178	138.22	23.274	35.686	827.08	-0.59051	45.706	0.077600	supercritical
398.15	107.05	17.693	0.056518	6.1489	12.199	138.13	23.290	35.689	830.63	-0.59288	45.943	0.078007	supercritical
398.15	108.05	17.772	0.056267	6.1407	12.220	138.04	23.306	35.692	834.16	-0.59518	46.180	0.078414	supercritical
398.15	109.05	17.850	0.056021	6.1326	12.242	137.96	23.323	35.696	837.67	-0.59744	46.417	0.078820	supercritical
398.15	110.05	17.928	0.055779	6.1246	12.263	137.87	23.339	35.699	841.18	-0.59964	46.654	0.079226	supercritical
398.15	111.05	18.005	0.055541	6.1167	12.284	137.78	23.355	35.702	844.66	-0.60178	46.890	0.079631	supercritical
398.15	112.05	18.081	0.055307	6.1089	12.306	137.70	23.371	35.705	848.13	-0.60388	47.126	0.080036	supercritical
398.15	113.05	18.156	0.055077	6.1012	12.328	137.61	23.387	35.708	851.59	-0.60592	47.362	0.080440	supercritical
398.15	114.05	18.231	0.054851	6.0936	12.349	137.53	23.403	35.711	855.04	-0.60792	47.598	0.080844	supercritical
398.15	115.05	18.305	0.054629	6.0860	12.371	137.45	23.419	35.713	858.47	-0.60987	47.834	0.081248	supercritical
398.15	116.05	18.379	0.054410	6.0786	12.393	137.37	23.435	35.716	861.88	-0.61178	48.070	0.081651	supercritical
398.15	117.05	18.452	0.054195	6.0712	12.415	137.28	23.451	35.719	865.28	-0.61364	48.305	0.082053	supercritical
398.15	118.05	18.524	0.053983	6.0640	12.437	137.20	23.467	35.722	868.67	-0.61545	48.540	0.082456	supercritical
398.15	119.05	18.596	0.053775	6.0568	12.459	137.12	23.483	35.724	872.04	-0.61723	48.775	0.082857	supercritical
398.15	120.05	18.667	0.053570	6.0497	12.481	137.04	23.499	35.727	875.40	-0.61896	49.010	0.083259	supercritical
398.15	121.05	18.738	0.053369	6.0427	12.503	136.97	23.514	35.729	878.74	-0.62066	49.244	0.083659	supercritical
398.15	122.05	18.808	0.053170	6.0357	12.525	136.89	23.530	35.732	882.08	-0.62231	49.479	0.084060	supercritical
398.15	123.05	18.877	0.052975	6.0289	12.547	136.81	23.546	35.734	885.39	-0.62393	49.713	0.084460	supercritical
398.15	124.05	18.946	0.052782	6.0221	12.570	136.73	23.561	35.737	888.70	-0.62551	49.947	0.084859	supercritical
398.15	125.05	19.014	0.052593	6.0154	12.592	136.66	23.577	35.739	891.99	-0.62705	50.181	0.085258	supercritical
398.15	126.05	19.082	0.052406	6.0088	12.615	136.58	23.592	35.742	895.27	-0.62856	50.415	0.085657	supercritical
398.15	127.05	19.149	0.052222	6.0022	12.637	136.51	23.608	35.744	898.53	-0.63003	50.649	0.086055	supercritical
398.15	128.05	19.216	0.052041	5.9958	12.660	136.43	23.623	35.747	901.79	-0.63147	50.882	0.086453	supercritical
398.15	129.05	19.282	0.051862	5.9894	12.682	136.36	23.638	35.749	905.03	-0.63288	51.115	0.086851	supercritical
398.15	130.05	19.348	0.051686	5.9830	12.705	136.29	23.654	35.752	908.25	-0.63426	51.349	0.087248	supercritical
398.15	131.05	19.413	0.051513	5.9768	12.728	136.21	23.669	35.754	911.47	-0.63560	51.581	0.087644	supercritical
398.15	132.05	19.477	0.051342	5.9706	12.750	136.14	23.684	35.756	914.67	-0.63691	51.814	0.088040	supercritical
398.15	133.05	19.542	0.051173	5.9645	12.773	136.07	23.699	35.759	917.86	-0.63820	52.047	0.088436	supercritical
398.15	134.05	19.605	0.051007	5.9585	12.796	136.00	23.715	35.761	921.03	-0.63945	52.280	0.088831	supercritical
398.15	135.05	19.668	0.050843	5.9525	12.819	135.93	23.730	35.763	924.20	-0.64068	52.512	0.089226	supercritical
398.15	136.05	19.731	0.050681	5.9466	12.842	135.86	23.745	35.766	927.35	-0.64188	52.744	0.089621	supercritical
398.15	137.05	19.793	0.050522	5.9407	12.865	135.79	23.760	35.768	930.49	-0.64305	52.976	0.090015	supercritical
398.15	138.05	19.855	0.050364	5.9350	12.888	135.72	23.775	35.770	933.61	-0.64419	53.208	0.090408	supercritical
398.15	139.05	19.917	0.050209	5.9292	12.911	135.65	23.790	35.772	936.73	-0.64531	53.440	0.090801	supercritical
398.15	140.05	19.978	0.050056	5.9236	12.934	135.58	23.805	35.775	939.83	-0.64641	53.672	0.091194	supercritical
398.15	141.05	20.038	0.049905	5.9180	12.957	135.52	23.819	35.777	942.93	-0.64747	53.903	0.091586	supercritical
398.15	142.05	20.098	0.049755	5.9125	12.980	135.45	23.834	35.779	946.01	-0.64852	54.135	0.091978	supercritical
398.15	143.05	20.158	0.049608	5.9070	13.003	135.38	23.849	35.782	949.07	-0.64954	54.366	0.092370	supercritical
398.15	144.05	20.217	0.049463	5.9016	13.027	135.32	23.864	35.784	952.13	-0.65054	54.597	0.092761	supercritical
398.15	145.05	20.276	0.049319	5.8963	13.050	135.25	23.879	35.786	955.18	-0.65151	54.828	0.093151	supercritical
398.15	146.05	20.334	0.049178	5.8910	13.073	135.19	23.893	35.788	958.21	-0.65247	55.059	0.093542	supercritical
398.15	147.05	20.393	0.049038	5.8858	13.097	135.12	23.908	35.791	961.23	-0.65340	55.290	0.093931	supercritical
398.15	148.05	20.450	0.048899	5.8806	13.120	135.06	23.922	35.793	964.24	-0.65431	55.521	0.094321	supercritical
398.15	149.05	20.507	0.048763	5.8755	13.144	134.99	23.937	35.795	967.24	-0.65520	55.751	0.094710	supercritical
398.15	150.05	20.564	0.048628	5.8704	13.167	134.93	23.951	35.798	970.23	-0.65607	55.982	0.095098	supercritical
398.15	151.05	20.621	0.048495	5.8654	13.191	134.87	23.966	35.800	973.21	-0.65692	56.212	0.095486	supercritical
398.15	152.05	20.677	0.048363	5.8605	13.214	134.81	23.980	35.802	976.18	-0.65775	56.442	0.095874	supercritical
398.15	153.05	20.733	0.048233	5.8556	13.238	134.74	23.995	35.805	979.14	-0.65856	56.673	0.096261	supercritical
398.15	154.05	20.788	0.048105	5.8507	13.261	134.68	24.009	35.807	982.08	-0.65936	56.903	0.096648	supercritical
398.15	155.05	20.843	0.047978	5.8459	13.285	134.62	24.023	35.809	985.02	-0.66013	57.133	0.097034	supercritical
398.15	156.05	20.898	0.047852	5.8412	13.309	134.56	24.038	35.812	987.94	-0.66089	57.362	0.097420	supercritical
398.15	157.05	20.952	0.047728	5.8365	13.332	134.50	24.052	35.814	990.86	-0.66163	57.592	0.097805	supercritical
398.15	158.05	21.006	0.047606	5.8319	13.356	134.44	24.066	35.816	993.76	-0.66235	57.822	0.098190	supercritical
398.15	159.05	21.060	0.047484	5.8273	13.380	134.38	24.080	35.819	996.65	-0.66306	58.051	0.098575	supercritical
398.15	160.05	21.113	0.047364	5.8227	13.403	134.32	24.094	35.821	999.54	-0.66375	58.281	0.098959	supercritical
398.15	161.05	21.166	0.047246	5.8182	13.427	134.26	24.109	35.824	1002.4	-0.66442	58.510	0.099343	supercritical
398.15	162.05	21.218	0.047129	5.8138	13.451	134.20	24.123	35.826	1005.3	-0.66508	58.739	0.099726	supercritical
398.15	163.05	21.271	0.047013	5.8094	13.475	134.14	24.137	35.828	1008.1	-0.66573	58.968	0.10011	supercritical
398.15	164.05	21.323	0.046898	5.8050	13.499	134.09	24.151	35.831	1011.0	-0.66635	59.197	0.10049	supercritical
398.15	165.05	21.374	0.046785	5.8007	13.523	134.03	24.165	35.833	1013.8	-0.66697	59.426	0.10087	supercritical
398.15	166.05	21.426	0.046673	5.7965	13.547	133.97	24.179	35.836	1016.6	-0.66757	59.655	0.10125	supercritical
398.15	167.05	21.477	0.046562	5.7923	13.570	133.91	24.193	35.838	1019.4	-0.66815	59.884	0.10164	supercritical
398.15	168.05	21.528	0.046452	5.7881	13.594	133.86	24.206	35.841	1022.2	-0.66872	60.113	0.10202	supercritical
398.15	169.05	21.578	0.046344	5.7840	13.618	133.80	24.220	35.843	1025.0	-0.66928	60.341	0.10240	supercritical
398.15	170.05	21.628	0.046236	5.7799	13.642	133.74	24.234	35.846	1027.8	-0.66982	60.570	0.10278	supercritical
398.15	171.05	21.678	0.046130	5.7759	13.666	133.69	24.248	35.848	1030.6	-0.67036	60.798	0.10316	supercritical
398.15	172.05	21.727	0.046025	5.7719	13.690	133.63	24.262	35.851	1033.4	-0.67087	61.027	0.10353	supercritical
398.15	173.05	21.777	0.045921	5.7679	13.715	133.58	24.275	35.853	1036.1	-0.67138	61.255	0.10391	supercritical
398.15	174.05	21.826	0.045818	5.7640	13.739	133.52	24.289	35.856	1038.9	-0.67187	61.483	0.10429	supercritical
398.15	175.05	21.874	0.045716	5.7602	13.763	133.47	24.303	35.858	1041.6	-0.67236	61.711	0.10467	supercritical
398.15	176.05	21.923	0.045615	5.7563	13.787	133.41	24.316	35.861	1044.3	-0.67283	61.940	0.10505	supercritical
398.15	177.05	21.971	0.045515	5.7526	13.811	133.36	24.330	35.864	1047.1	-0.67329	62.168	0.10542	supercritical
398.15	178.05	22.019	0.045416	5.7488	13.835	133.31	24.343	35.866	1049.8	-0.67373	62.396	0.10580	supercritical
398.15	179.05	22.066	0.045318	5.7451	13.859	133.25	24.357	35.869	1052.5	-0.67417	62.623	0.10617	supercritical
398.15	180.05	22.114	0.045221	5.7414	13.883	133.20	24.370	35.872	1055.2	-0.67459	62.851	0.10655	supercritical
398.15	181.05	22.161	0.045125	5.7378	13.908	133.15	24.384	35.874	1057.8	-0.67501	63.079	0.10692	supercritical
398.15	182.05	22.208	0.045030	5.7342	13.932	133.10	24.397	35.877	1060.5	-0.67541	63.307	0.10730	supercritical
398.15	183.05	22.254	0.044936	5.7307	13.956	133.04	24.410	35.880	1063.2	-0.67581	63.534	0.10767	supercritical
398.15	184.05	22.300	0.044842	5.7272	13.980	132.99	24.424	35.882	1065.8	-0.67619	63.762	0.10805	supercritical
398.15	185.05	22.346	0.044750	5.7237	14.005	132.94	24.437	35.885	1068.5	-0.67656	63.989	0.10842	supercritical
398.15	186.05	22.392	0.044658	5.7203	14.029	132.89	24.450	35.888	1071.1	-0.67693	64.217	0.10879	supercritical
398.15	187.05	22.438	0.044568	5.7168	14.053	132.84	24.464	35.890	1073.8	-0.67728	64.444	0.10916	supercritical
398.15	188.05	22.483	0.044478	5.7135	14.078	132.79	24.477	35.893	1076.4	-0.67763	64.672	0.10953	supercritical
398.15	189.05	22.528	0.044389	5.7102	14.102	132.74	24.490	35.896	1079.0	-0.67796	64.899	0.10991	supercritical
398.15	190.05	22.573	0.044301	5.7069	14.126	132.69	24.503	35.899	1081.6	-0.67829	65.126	0.11028	supercritical
398.15	191.05	22.618	0.044214	5.7036	14.151	132.64	24.516	35.901	1084.2	-0.67861	65.353	0.11065	supercritical
398.15	192.05	22.662	0.044127	5.7004	14.175	132.59	24.530	35.904	1086.8	-0.67892	65.580	0.11102	supercritical
398.15	193.05	22.706	0.044041	5.6972	14.199	132.54	24.543	35.907	1089.4	-0.67922	65.807	0.11139	supercritical
398.15	194.05	22.750	0.043956	5.6940	14.224	132.49	24.556	35.910	1092.0	-0.67951	66.034	0.11176	supercritical
398.15	195.05	22.794	0.043872	5.6909	14.248	132.44	24.569	35.913	1094.5	-0.67979	66.261	0.11212	supercritical
398.15	196.05	22.837	0.043789	5.6878	14.273	132.39	24.582	35.916	1097.1	-0.68007	66.488	0.11249	supercritical
398.15	197.05	22.880	0.043706	5.6848	14.297	132.34	24.595	35.919	1099.6	-0.68034	66.715	0.11286	supercritical
398.15	198.05	22.923	0.043624	5.6817	14.321	132.29	24.608	35.921	1102.2	-0.68060	66.942	0.11323	supercritical
398.15	199.05	22.966	0.043543	5.6787	14.346	132.25	24.621	35.924	1104.7	-0.68085	67.169	0.11359	supercritical
398.15	200.05	23.009	0.043462	5.6758	14.370	132.20	24.633	35.927	1107.3	-0.68109	67.396	0.11396	supercritical
398.15	201.05	23.051	0.043382	5.6728	14.395	132.15	24.646	35.930	1109.8	-0.68133	67.622	0.11432	supercritical
398.15	202.05	23.093	0.043303	5.6699	14.419	132.10	24.659	35.933	1112.3	-0.68156	67.849	0.11469	supercritical
398.15	203.05	23.135	0.043224	5.6671	14.444	132.06	24.672	35.936	1114.8	-0.68179	68.076	0.11505	supercritical
398.15	204.05	23.177	0.043147	5.6642	14.468	132.01	24.685	35.939	1117.3	-0.68200	68.302	0.11542	supercritical
398.15	205.05	23.218	0.043069	5.6614	14.493	131.96	24.697	35.942	1119.8	-0.68221	68.529	0.11578	supercritical
398.15	206.05	23.260	0.042993	5.6587	14.517	131.92	24.710	35.945	1122.3	-0.68241	68.755	0.11615	supercritical
398.15	207.05	23.301	0.042917	5.6559	14.542	131.87	24.723	35.948	1124.7	-0.68261	68.982	0.11651	supercritical
398.15	208.05	23.342	0.042842	5.6532	14.566	131.82	24.736	35.951	1127.2	-0.68280	69.208	0.11687	supercritical
398.15	209.05	23.382	0.042767	5.6505	14.591	131.78	24.748	35.954	1129.7	-0.68298	69.434	0.11723	supercritical
398.15	210.05	23.423	0.042693	5.6479	14.616	131.73	24.761	35.957	1132.1	-0.68316	69.661	0.11762	supercritical
398.15	211.05	23.463	0.042620	5.6452	14.640	131.69	24.773	35.960	1134.6	-0.68333	69.887	0.11799	supercritical
398.15	212.05	23.503	0.042547	5.6426	14.665	131.64	24.786	35.964	1137.0	-0.68350	70.113	0.11836	supercritical
398.15	213.05	23.543	0.042475	5.6401	14.689	131.60	24.798	35.967	1139.4	-0.68365	70.340	0.11873	supercritical
398.15	214.05	23.583	0.042403	5.6375	14.714	131.55	24.811	35.970	1141.9	-0.68381	70.566	0.11910	supercritical
398.15	215.05	23.623	0.042332	5.6350	14.738	131.51	24.823	35.973	1144.3	-0.68395	70.792	0.11946	supercritical
398.15	216.05	23.662	0.042261	5.6325	14.763	131.46	24.836	35.976	1146.7	-0.68410	71.018	0.11983	supercritical
398.15	217.05	23.701	0.042191	5.6300	14.788	131.42	24.848	35.979	1149.1	-0.68423	71.245	0.12019	supercritical
398.15	218.05	23.741	0.042122	5.6276	14.812	131.37	24.861	35.983	1151.5	-0.68436	71.471	0.12055	supercritical
398.15	219.05	23.779	0.042053	5.6252	14.837	131.33	24.873	35.986	1153.9	-0.68449	71.697	0.12091	supercritical
398.15	220.05	23.818	0.041985	5.6228	14.862	131.29	24.885	35.989	1156.3	-0.68461	71.923	0.12127	supercritical
398.15	221.05	23.857	0.041917	5.6205	14.886	131.24	24.898	35.992	1158.6	-0.68472	72.149	0.12163	supercritical
398.15	222.05	23.895	0.041850	5.6181	14.911	131.20	24.910	35.995	1161.0	-0.68483	72.375	0.12199	supercritical
398.15	223.05	23.933	0.041783	5.6158	14.936	131.16	24.922	35.999	1163.4	-0.68493	72.601	0.12235	supercritical
398.15	224.05	23.971	0.041717	5.6135	14.960	131.11	24.935	36.002	1165.7	-0.68503	72.827	0.12271	supercritical
398.15	225.05	24.009	0.041651	5.6113	14.985	131.07	24.947	36.005	1168.1	-0.68513	73.053	0.12307	supercritical
398.15	226.05	24.047	0.041586	5.6091	15.010	131.03	24.959	36.008	1170.4	-0.68522	73.279	0.12343	supercritical
398.15	227.05	24.084	0.041521	5.6069	15.034	130.99	24.971	36.012	1172.8	-0.68530	73.505	0.12378	supercritical
398.15	228.05	24.122	0.041457	5.6047	15.059	130.94	24.983	36.015	1175.1	-0.68538	73.731	0.12414	supercritical
398.15	229.05	24.159	0.041393	5.6025	15.084	130.90	24.995	36.018	1177.4	-0.68546	73.956	0.12449	supercritical
398.15	230.05	24.196	0.041330	5.6004	15.108	130.86	25.007	36.022	1179.7	-0.68553	74.182	0.12485	supercritical
398.15	231.05	24.233	0.041267	5.5983	15.133	130.82	25.020	36.025	1182.1	-0.68560	74.408	0.12520	supercritical
398.15	232.05	24.269	0.041204	5.5962	15.158	130.78	25.032	36.029	1184.4	-0.68566	74.634	0.12556	supercritical
398.15	233.05	24.306	0.041142	5.5941	15.182	130.74	25.044	36.032	1186.7	-0.68572	74.860	0.12591	supercritical
398.15	234.05	24.342	0.041081	5.5921	15.207	130.69	25.056	36.035	1189.0	-0.68577	75.085	0.12626	supercritical
398.15	235.05	24.379	0.041020	5.5901	15.232	130.65	25.068	36.039	1191.2	-0.68582	75.311	0.12661	supercritical
398.15	236.05	24.415	0.040959	5.5881	15.256	130.61	25.080	36.042	1193.5	-0.68587	75.537	0.12696	supercritical
398.15	237.05	24.451	0.040899	5.5861	15.281	130.57	25.092	36.046	1195.8	-0.68591	75.763	0.12732	supercritical
398.15	238.05	24.486	0.040839	5.5842	15.306	130.53	25.103	36.049	1198.1	-0.68595	75.988	0.12767	supercritical
398.15	239.05	24.522	0.040780	5.5823	15.331	130.49	25.115	36.052	1200.3	-0.68598	76.214	0.12802	supercritical
398.15	240.05	24.557	0.040721	5.5804	15.355	130.45	25.127	36.056	1202.6	-0.68601	76.440	0.12837	supercritical
398.15	241.05	24.593	0.040662	5.5785	15.380	130.41	25.139	36.059	1204.8	-0.68604	76.666	0.12872	supercritical
398.15	242.05	24.628	0.040604	5.5767	15.405	130.37	25.151	36.063	1207.1	-0.68606	76.891	0.12906	supercritical
398.15	243.05	24.663	0.040546	5.5748	15.430	130.33	25.163	36.066	1209.3	-0.68608	77.117	0.12941	supercritical
398.15	244.05	24.698	0.040489	5.5730	15.454	130.29	25.174	36.070	1211.6	-0.68610	77.343	0.12976	supercritical
398.15	245.05	24.733	0.040432	5.5712	15.479	130.25	25.186	36.074	1213.8	-0.68611	77.568	0.13011	supercritical
398.15	246.05	24.767	0.040376	5.5694	15.504	130.21	25.198	36.077	1216.0	-0.68612	77.794	0.13045	supercritical
398.15	247.05	24.802	0.040319	5.5677	15.529	130.17	25.210	36.081	1218.2	-0.68612	78.020	0.13080	supercritical
398.15	248.05	24.836	0.040264	5.5660	15.553	130.13	25.221	36.084	1220.4	-0.68613	78.245	0.13115	supercritical
398.15	249.05	24.870	0.040208	5.5643	15.578	130.10	25.233	36.088	1222.6	-0.68612	78.471	0.13149	supercritical
398.15	250.05	24.905	0.040153	5.5626	15.603	130.06	25.245	36.091	1224.8	-0.68612	78.696	0.13184	supercritical
398.15	251.05	24.939	0.040099	5.5609	15.628	130.02	25.256	36.095	1227.0	-0.68611	78.922	0.13218	supercritical
398.15	252.05	24.972	0.040044	5.5593	15.652	129.98	25.268	36.099	1229.2	-0.68610	79.148	0.13252	supercritical
398.15	253.05	25.006	0.039990	5.5576	15.677	129.94	25.279	36.102	1231.4	-0.68609	79.373	0.13287	supercritical
398.15	254.05	25.040	0.039937	5.5560	15.702	129.90	25.291	36.106	1233.6	-0.68607	79.599	0.13321	supercritical
398.15	255.05	25.073	0.039884	5.5544	15.727	129.87	25.302	36.109	1235.8	-0.68605	79.824	0.13355	supercritical
398.15	256.05	25.106	0.039831	5.5529	15.752	129.83	25.314	36.113	1237.9	-0.68603	80.050	0.13389	supercritical
398.15	257.05	25.139	0.039778	5.5513	15.776	129.79	25.325	36.117	1240.1	-0.68600	80.276	0.13423	supercritical
398.15	258.05	25.173	0.039726	5.5498	15.801	129.75	25.337	36.120	1242.2	-0.68597	80.501	0.13458	supercritical
398.15	259.05	25.205	0.039674	5.5483	15.826	129.71	25.348	36.124	1244.4	-0.68594	80.727	0.13492	supercritical
398.15	260.05	25.238	0.039622	5.5468	15.851	129.68	25.360	36.128	1246.5	-0.68591	80.952	0.13526	supercritical
398.15	261.05	25.271	0.039571	5.5453	15.875	129.64	25.371	36.132	1248.7	-0.68587	81.178	0.13560	supercritical
398.15	262.05	25.303	0.039520	5.5439	15.900	129.60	25.383	36.135	1250.8	-0.68583	81.403	0.13593	supercritical
398.15	263.05	25.336	0.039470	5.5425	15.925	129.57	25.394	36.139	1252.9	-0.68579	81.629	0.13627	supercritical
398.15	264.05	25.368	0.039420	5.5410	15.950	129.53	25.405	36.143	1255.1	-0.68575	81.855	0.13661	supercritical
398.15	265.05	25.400	0.039370	5.5396	15.975	129.49	25.417	36.147	1257.2	-0.68570	82.080	0.13695	supercritical
398.15	266.05	25.432	0.039320	5.5383	15.999	129.46	25.428	36.150	1259.3	-0.68565	82.306	0.13729	supercritical
398.15	267.05	25.464	0.039271	5.5369	16.024	129.42	25.439	36.154	1261.4	-0.68560	82.531	0.13762	supercritical
398.15	268.05	25.496	0.039222	5.5356	16.049	129.38	25.450	36.158	1263.5	-0.68554	82.757	0.13796	supercritical
398.15	269.05	25.528	0.039173	5.5342	16.074	129.35	25.462	36.162	1265.6	-0.68548	82.982	0.13830	supercritical
398.15	270.05	25.559	0.039124	5.5329	16.098	129.31	25.473	36.165	1267.7	-0.68543	83.208	0.13863	supercritical
398.15	271.05	25.591	0.039076	5.5316	16.123	129.28	25.484	36.169	1269.8	-0.68536	83.434	0.13897	supercritical
398.15	272.05	25.622	0.039028	5.5304	16.148	129.24	25.495	36.173	1271.9	-0.68530	83.659	0.13930	supercritical
398.15	273.05	25.654	0.038981	5.5291	16.173	129.20	25.506	36.177	1273.9	-0.68523	83.885	0.13964	supercritical
398.15	274.05	25.685	0.038934	5.5279	16.198	129.17	25.518	36.181	1276.0	-0.68516	84.110	0.13997	supercritical
398.15	275.05	25.716	0.038887	5.5266	16.222	129.13	25.529	36.185	1278.1	-0.68509	84.336	0.14030	supercritical
398.15	276.05	25.747	0.038840	5.5254	16.247	129.10	25.540	36.188	1280.1	-0.68502	84.562	0.14064	supercritical
398.15	277.05	25.777	0.038794	5.5242	16.272	129.06	25.551	36.192	1282.2	-0.68495	84.787	0.14097	supercritical
398.15	278.05	25.808	0.038747	5.5231	16.297	129.03	25.562	36.196	1284.3	-0.68487	85.013	0.14130	supercritical
398.15	279.05	25.839	0.038702	5.5219	16.322	128.99	25.573	36.200	1286.3	-0.68479	85.238	0.14163	supercritical
398.15	280.05	25.869	0.038656	5.5208	16.346	128.96	25.584	36.204	1288.4	-0.68471	85.464	0.14196	supercritical
398.15	281.05	25.900	0.038611	5.5197	16.371	128.92	25.595	36.208	1290.4	-0.68463	85.690	0.14229	supercritical
398.15	282.05	25.930	0.038566	5.5185	16.396	128.89	25.606	36.212	1292.4	-0.68454	85.915	0.14262	supercritical
398.15	283.05	25.960	0.038521	5.5175	16.421	128.85	25.617	36.216	1294.5	-0.68445	86.141	0.14295	supercritical
398.15	284.05	25.990	0.038476	5.5164	16.446	128.82	25.628	36.220	1296.5	-0.68437	86.367	0.14328	supercritical
398.15	285.05	26.020	0.038432	5.5153	16.470	128.78	25.639	36.224	1298.5	-0.68427	86.592	0.14361	supercritical
398.15	286.05	26.050	0.038388	5.5143	16.495	128.75	25.650	36.228	1300.5	-0.68418	86.818	0.14394	supercritical
398.15	287.05	26.080	0.038344	5.5133	16.520	128.72	25.661	36.232	1302.5	-0.68409	87.044	0.14427	supercritical
398.15	288.05	26.109	0.038300	5.5122	16.545	128.68	25.672	36.235	1304.5	-0.68399	87.269	0.14460	supercritical
398.15	289.05	26.139	0.038257	5.5112	16.569	128.65	25.682	36.239	1306.5	-0.68389	87.495	0.14492	supercritical
398.15	290.05	26.168	0.038214	5.5103	16.594	128.61	25.693	36.243	1308.5	-0.68379	87.721	0.14525	supercritical
398.15	291.05	26.198	0.038171	5.5093	16.619	128.58	25.704	36.247	1310.5	-0.68369	87.947	0.14558	supercritical
398.15	292.05	26.227	0.038129	5.5083	16.644	128.55	25.715	36.251	1312.5	-0.68359	88.172	0.14590	supercritical
398.15	293.05	26.256	0.038086	5.5074	16.669	128.51	25.726	36.255	1314.5	-0.68348	88.398	0.14623	supercritical
398.15	294.05	26.285	0.038044	5.5065	16.693	128.48	25.736	36.259	1316.5	-0.68338	88.624	0.14655	supercritical
398.15	295.05	26.314	0.038002	5.5056	16.718	128.45	25.747	36.263	1318.5	-0.68327	88.850	0.14688	supercritical
398.15	296.05	26.343	0.037961	5.5047	16.743	128.41	25.758	36.268	1320.4	-0.68316	89.075	0.14720	supercritical
398.15	297.05	26.372	0.037919	5.5038	16.768	128.38	25.769	36.272	1322.4	-0.68305	89.301	0.14752	supercritical
398.15	298.05	26.401	0.037878	5.5029	16.792	128.35	25.779	36.276	1324.4	-0.68294	89.527	0.14785	supercritical
398.15	299.05	26.429	0.037837	5.5021	16.817	128.31	25.790	36.280	1326.3	-0.68282	89.753	0.14817	supercritical
398.15	300.05	26.458	0.037796	5.5012	16.842	128.28	25.801	36.284	1328.3	-0.68271	89.979	0.14849	supercritical
398.15	301.05	26.486	0.037756	5.5004	16.867	128.25	25.811	36.288	1330.2	-0.68259	90.204	0.14882	supercritical
398.15	302.05	26.514	0.037715	5.4996	16.892	128.22	25.822	36.292	1332.2	-0.68247	90.430	0.14914	supercritical
398.15	303.05	26.543	0.037675	5.4988	16.916	128.18	25.833	36.296	1334.1	-0.68235	90.656	0.14946	supercritical
398.15	304.05	26.571	0.037635	5.4980	16.941	128.15	25.843	36.300	1336.1	-0.68223	90.882	0.14978	supercritical
398.15	305.05	26.599	0.037596	5.4973	16.966	128.12	25.854	36.304	1338.0	-0.68211	91.108	0.15010	supercritical
398.15	306.05	26.627	0.037556	5.4965	16.991	128.09	25.864	36.308	1339.9	-0.68198	91.334	0.15042	supercritical
398.15	307.05	26.655	0.037517	5.4958	17.015	128.06	25.875	36.312	1341.8	-0.68186	91.560	0.15074	supercritical
398.15	308.05	26.682	0.037478	5.4951	17.040	128.02	25.885	36.317	1343.8	-0.68173	91.786	0.15106	supercritical
398.15	309.05	26.710	0.037439	5.4943	17.065	127.99	25.896	36.321	1345.7	-0.68160	92.012	0.15138	supercritical
398.15	310.05	26.738	0.037400	5.4936	17.090	127.96	25.906	36.325	1347.6	-0.68147	92.238	0.15170	supercritical
398.15	311.05	26.765	0.037362	5.4930	17.114	127.93	25.917	36.329	1349.5	-0.68134	92.464	0.15202	supercritical
398.15	312.05	26.793	0.037324	5.4923	17.139	127.90	25.927	36.333	1351.4	-0.68121	92.690	0.15233	supercritical
398.15	313.05	26.820	0.037286	5.4916	17.164	127.86	25.938	36.337	1353.3	-0.68108	92.916	0.15265	supercritical
398.15	314.05	26.847	0.037248	5.4910	17.189	127.83	25.948	36.341	1355.2	-0.68094	93.142	0.15297	supercritical
398.15	315.05	26.874	0.037210	5.4903	17.213	127.80	25.959	36.346	1357.1	-0.68081	93.368	0.15328	supercritical
398.15	316.05	26.902	0.037173	5.4897	17.238	127.77	25.969	36.350	1359.0	-0.68067	93.594	0.15360	supercritical
398.15	317.05	26.929	0.037135	5.4891	17.263	127.74	25.979	36.354	1360.9	-0.68053	93.820	0.15392	supercritical
398.15	318.05	26.955	0.037098	5.4885	17.288	127.71	25.990	36.358	1362.7	-0.68039	94.046	0.15423	supercritical
398.15	319.05	26.982	0.037061	5.4879	17.312	127.68	26.000	36.362	1364.6	-0.68025	94.272	0.15455	supercritical
398.15	320.05	27.009	0.037025	5.4874	17.337	127.65	26.010	36.367	1366.5	-0.68011	94.498	0.15486	supercritical
398.15	321.05	27.036	0.036988	5.4868	17.362	127.62	26.021	36.371	1368.4	-0.67997	94.725	0.15517	supercritical
398.15	322.05	27.062	0.036952	5.4863	17.387	127.58	26.031	36.375	1370.2	-0.67982	94.951	0.15549	supercritical
398.15	323.05	27.089	0.036915	5.4857	17.411	127.55	26.041	36.379	1372.1	-0.67968	95.177	0.15580	supercritical
398.15	324.05	27.115	0.036879	5.4852	17.436	127.52	26.051	36.383	1373.9	-0.67953	95.403	0.15611	supercritical
398.15	325.05	27.142	0.036844	5.4847	17.461	127.49	26.062	36.388	1375.8	-0.67939	95.629	0.15643	supercritical
398.15	326.05	27.168	0.036808	5.4842	17.485	127.46	26.072	36.392	1377.7	-0.67924	95.856	0.15674	supercritical
398.15	327.05	27.194	0.036773	5.4837	17.510	127.43	26.082	36.396	1379.5	-0.67909	96.082	0.15705	supercritical
398.15	328.05	27.220	0.036737	5.4832	17.535	127.40	26.092	36.400	1381.3	-0.67894	96.308	0.15736	supercritical
398.15	329.05	27.246	0.036702	5.4828	17.560	127.37	26.102	36.405	1383.2	-0.67879	96.535	0.15767	supercritical
398.15	330.05	27.272	0.036667	5.4823	17.584	127.34	26.113	36.409	1385.0	-0.67864	96.761	0.15798	supercritical
398.15	331.05	27.298	0.036632	5.4819	17.609	127.31	26.123	36.413	1386.8	-0.67849	96.987	0.15830	supercritical
398.15	332.05	27.324	0.036598	5.4815	17.634	127.28	26.133	36.417	1388.7	-0.67833	97.214	0.15860	supercritical
398.15	333.05	27.350	0.036563	5.4810	17.658	127.25	26.143	36.422	1390.5	-0.67818	97.440	0.15891	supercritical
398.15	334.05	27.376	0.036529	5.4806	17.683	127.22	26.153	36.426	1392.3	-0.67802	97.666	0.15922	supercritical
398.15	335.05	27.401	0.036495	5.4802	17.708	127.19	26.163	36.430	1394.1	-0.67787	97.893	0.15953	supercritical
398.15	336.05	27.427	0.036461	5.4799	17.733	127.16	26.173	36.435	1396.0	-0.67771	98.119	0.15984	supercritical
398.15	337.05	27.452	0.036427	5.4795	17.757	127.13	26.183	36.439	1397.8	-0.67755	98.346	0.16015	supercritical
398.15	338.05	27.478	0.036393	5.4791	17.782	127.10	26.193	36.443	1399.6	-0.67740	98.572	0.16046	supercritical
398.15	339.05	27.503	0.036360	5.4788	17.807	127.07	26.203	36.448	1401.4	-0.67724	98.799	0.16076	supercritical
398.15	340.05	27.528	0.036326	5.4784	17.831	127.05	26.213	36.452	1403.2	-0.67708	99.025	0.16107	supercritical
398.15	341.05	27.553	0.036293	5.4781	17.856	127.02	26.223	36.456	1405.0	-0.67691	99.252	0.16138	supercritical
398.15	342.05	27.578	0.036260	5.4778	17.881	126.99	26.233	36.461	1406.8	-0.67675	99.479	0.16168	supercritical
398.15	343.05	27.603	0.036227	5.4775	17.905	126.96	26.243	36.465	1408.5	-0.67659	99.705	0.16199	supercritical
398.15	344.05	27.628	0.036195	5.4772	17.930	126.93	26.253	36.469	1410.3	-0.67643	99.932	0.16229	supercritical
398.15	345.05	27.653	0.036162	5.4769	17.955	126.90	26.263	36.474	1412.1	-0.67626	100.16	0.16260	supercritical
398.15	346.05	27.678	0.036130	5.4766	17.979	126.87	26.273	36.478	1413.9	-0.67610	100.39	0.16290	supercritical
398.15	347.05	27.703	0.036097	5.4764	18.004	126.84	26.283	36.482	1415.7	-0.67593	100.61	0.16321	supercritical
398.15	348.05	27.728	0.036065	5.4761	18.029	126.81	26.293	36.487	1417.4	-0.67577	100.84	0.16351	supercritical
398.15	349.05	27.752	0.036033	5.4759	18.053	126.79	26.303	36.491	1419.2	-0.67560	101.07	0.16382	supercritical
398.15	350.05	27.777	0.036001	5.4757	18.078	126.76	26.313	36.495	1421.0	-0.67543	101.29	0.16412	supercritical
398.15	351.05	27.801	0.035970	5.4754	18.103	126.73	26.323	36.500	1422.7	-0.67526	101.52	0.16442	supercritical
398.15	352.05	27.826	0.035938	5.4752	18.127	126.70	26.332	36.504	1424.5	-0.67509	101.75	0.16472	supercritical
398.15	353.05	27.850	0.035907	5.4750	18.152	126.67	26.342	36.509	1426.2	-0.67493	101.97	0.16503	supercritical
398.15	354.05	27.874	0.035875	5.4748	18.176	126.64	26.352	36.513	1428.0	-0.67475	102.20	0.16533	supercritical
398.15	355.05	27.899	0.035844	5.4747	18.201	126.62	26.362	36.517	1429.7	-0.67458	102.43	0.16563	supercritical
398.15	356.05	27.923	0.035813	5.4745	18.226	126.59	26.372	36.522	1431.5	-0.67441	102.65	0.16593	supercritical
398.15	357.05	27.947	0.035782	5.4743	18.250	126.56	26.381	36.526	1433.2	-0.67424	102.88	0.16623	supercritical
398.15	358.05	27.971	0.035752	5.4742	18.275	126.53	26.391	36.531	1435.0	-0.67407	103.11	0.16653	supercritical
398.15	359.05	27.995	0.035721	5.4740	18.300	126.50	26.401	36.535	1436.7	-0.67389	103.33	0.16683	supercritical
398.15	360.05	28.019	0.035690	5.4739	18.324	126.48	26.411	36.539	1438.4	-0.67372	103.56	0.16713	supercritical
398.15	361.05	28.043	0.035660	5.4738	18.349	126.45	26.420	36.544	1440.2	-0.67355	103.79	0.16743	supercritical
398.15	362.05	28.066	0.035630	5.4737	18.373	126.42	26.430	36.548	1441.9	-0.67337	104.02	0.16773	supercritical
398.15	363.05	28.090	0.035600	5.4736	18.398	126.39	26.440	36.553	1443.6	-0.67319	104.24	0.16803	supercritical
398.15	364.05	28.114	0.035570	5.4735	18.423	126.36	26.449	36.557	1445.3	-0.67302	104.47	0.16833	supercritical
398.15	365.05	28.137	0.035540	5.4734	18.447	126.34	26.459	36.562	1447.0	-0.67284	104.70	0.16862	supercritical
398.15	366.05	28.161	0.035510	5.4733	18.472	126.31	26.469	36.566	1448.8	-0.67266	104.92	0.16892	supercritical
398.15	367.05	28.184	0.035481	5.4733	18.496	126.28	26.478	36.570	1450.5	-0.67249	105.15	0.16922	supercritical
398.15	368.05	28.208	0.035451	5.4732	18.521	126.25	26.488	36.575	1452.2	-0.67231	105.38	0.16952	supercritical
398.15	369.05	28.231	0.035422	5.4732	18.546	126.23	26.498	36.579	1453.9	-0.67213	105.61	0.16981	supercritical
398.15	370.05	28.254	0.035393	5.4731	18.570	126.20	26.507	36.584	1455.6	-0.67195	105.83	0.17011	supercritical
398.15	371.05	28.278	0.035364	5.4731	18.595	126.17	26.517	36.588	1457.3	-0.67177	106.06	0.17040	supercritical
398.15	372.05	28.301	0.035335	5.4731	18.619	126.15	26.526	36.593	1459.0	-0.67159	106.29	0.17070	supercritical
398.15	373.05	28.324	0.035306	5.4731	18.644	126.12	26.536	36.597	1460.7	-0.67141	106.51	0.17099	supercritical
398.15	374.05	28.347	0.035277	5.4731	18.669	126.09	26.545	36.602	1462.4	-0.67123	106.74	0.17129	supercritical
398.15	375.05	28.370	0.035249	5.4731	18.693	126.07	26.555	36.606	1464.0	-0.67104	106.97	0.17158	supercritical
398.15	376.05	28.393	0.035220	5.4731	18.718	126.04	26.564	36.611	1465.7	-0.67086	107.20	0.17188	supercritical
398.15	377.05	28.416	0.035192	5.4731	18.742	126.01	26.574	36.615	1467.4	-0.67068	107.42	0.17217	supercritical
398.15	378.05	28.438	0.035164	5.4732	18.767	125.99	26.583	36.620	1469.1	-0.67050	107.65	0.17246	supercritical
398.15	379.05	28.461	0.035136	5.4732	18.791	125.96	26.593	36.624	1470.8	-0.67031	107.88	0.17276	supercritical
398.15	380.05	28.484	0.035108	5.4733	18.816	125.93	26.602	36.629	1472.4	-0.67013	108.11	0.17305	supercritical
398.15	381.05	28.507	0.035080	5.4733	18.840	125.91	26.612	36.633	1474.1	-0.66994	108.33	0.17334	supercritical
398.15	382.05	28.529	0.035052	5.4734	18.865	125.88	26.621	36.638	1475.8	-0.66976	108.56	0.17363	supercritical
398.15	383.05	28.552	0.035024	5.4735	18.890	125.85	26.631	36.642	1477.4	-0.66957	108.79	0.17393	supercritical
398.15	384.05	28.574	0.034997	5.4736	18.914	125.83	26.640	36.647	1479.1	-0.66939	109.02	0.17422	supercritical
398.15	385.05	28.597	0.034969	5.4737	18.939	125.80	26.649	36.651	1480.7	-0.66920	109.25	0.17451	supercritical
398.15	386.05	28.619	0.034942	5.4738	18.963	125.77	26.659	36.656	1482.4	-0.66902	109.47	0.17480	supercritical
398.15	387.05	28.641	0.034915	5.4739	18.988	125.75	26.668	36.660	1484.0	-0.66883	109.70	0.17509	supercritical
398.15	388.05	28.663	0.034888	5.4740	19.012	125.72	26.677	36.665	1485.7	-0.66864	109.93	0.17538	supercritical
398.15	389.05	28.686	0.034861	5.4741	19.037	125.70	26.687	36.669	1487.3	-0.66845	110.16	0.17567	supercritical
398.15	390.05	28.708	0.034834	5.4743	19.061	125.67	26.696	36.674	1489.0	-0.66827	110.38	0.17596	supercritical
398.15	391.05	28.730	0.034807	5.4744	19.086	125.64	26.705	36.678	1490.6	-0.66808	110.61	0.17625	supercritical
398.15	392.05	28.752	0.034780	5.4746	19.110	125.62	26.715	36.683	1492.2	-0.66789	110.84	0.17654	supercritical
398.15	393.05	28.774	0.034754	5.4747	19.135	125.59	26.724	36.687	1493.9	-0.66770	111.07	0.17683	supercritical
398.15	394.05	28.796	0.034727	5.4749	19.159	125.57	26.733	36.692	1495.5	-0.66751	111.30	0.17711	supercritical
398.15	395.05	28.818	0.034701	5.4751	19.184	125.54	26.743	36.697	1497.1	-0.66732	111.52	0.17740	supercritical
398.15	396.05	28.840	0.034675	5.4753	19.208	125.52	26.752	36.701	1498.8	-0.66713	111.75	0.17769	supercritical
398.15	397.05	28.861	0.034648	5.4755	19.233	125.49	26.761	36.706	1500.4	-0.66694	111.98	0.17798	supercritical
398.15	398.05	28.883	0.034622	5.4757	19.257	125.46	26.770	36.710	1502.0	-0.66675	112.21	0.17826	supercritical
398.15	399.05	28.905	0.034596	5.4759	19.282	125.44	26.779	36.715	1503.6	-0.66656	112.44	0.17855	supercritical
398.15	400.05	28.926	0.034571	5.4761	19.306	125.41	26.789	36.719	1505.2	-0.66637	112.66	0.17883	supercritical
398.15	401.05	28.948	0.034545	5.4763	19.331	125.39	26.798	36.724	1506.8	-0.66618	112.89	0.17912	supercritical
398.15	402.05	28.969	0.034519	5.4766	19.355	125.36	26.807	36.729	1508.4	-0.66598	113.12	0.17941	supercritical
398.15	403.05	28.991	0.034494	5.4768	19.379	125.34	26.816	36.733	1510.1	-0.66579	113.35	0.17969	supercritical
398.15	404.05	29.012	0.034468	5.4771	19.404	125.31	26.825	36.738	1511.7	-0.66560	113.58	0.17998	supercritical
398.15	405.05	29.034	0.034443	5.4773	19.428	125.29	26.835	36.742	1513.3	-0.66541	113.81	0.18026	supercritical
398.15	406.05	29.055	0.034417	5.4776	19.453	125.26	26.844	36.747	1514.9	-0.66521	114.03	0.18054	supercritical
398.15	407.05	29.076	0.034392	5.4779	19.477	125.24	26.853	36.751	1516.4	-0.66502	114.26	0.18083	supercritical
398.15	408.05	29.098	0.034367	5.4781	19.502	125.21	26.862	36.756	1518.0	-0.66483	114.49	0.18111	supercritical
398.15	409.05	29.119	0.034342	5.4784	19.526	125.19	26.871	36.761	1519.6	-0.66463	114.72	0.18140	supercritical
398.15	410.05	29.140	0.034317	5.4787	19.551	125.16	26.880	36.765	1521.2	-0.66444	114.95	0.18168	supercritical
398.15	411.05	29.161	0.034292	5.4790	19.575	125.14	26.889	36.770	1522.8	-0.66425	115.18	0.18196	supercritical
398.15	412.05	29.182	0.034268	5.4793	19.599	125.11	26.898	36.774	1524.4	-0.66405	115.40	0.18224	supercritical
398.15	413.05	29.203	0.034243	5.4797	19.624	125.09	26.907	36.779	1526.0	-0.66386	115.63	0.18253	supercritical
398.15	414.05	29.224	0.034219	5.4800	19.648	125.06	26.916	36.784	1527.5	-0.66366	115.86	0.18281	supercritical
398.15	415.05	29.245	0.034194	5.4803	19.673	125.04	26.925	36.788	1529.1	-0.66347	116.09	0.18309	supercritical
398.15	416.05	29.266	0.034170	5.4807	19.697	125.01	26.934	36.793	1530.7	-0.66327	116.32	0.18337	supercritical
398.15	417.05	29.286	0.034146	5.4810	19.721	124.99	26.943	36.797	1532.3	-0.66308	116.55	0.18365	supercritical
398.15	418.05	29.307	0.034121	5.4814	19.746	124.97	26.952	36.802	1533.8	-0.66288	116.78	0.18393	supercritical
398.15	419.05	29.328	0.034097	5.4817	19.770	124.94	26.961	36.807	1535.4	-0.66268	117.01	0.18421	supercritical
398.15	420.05	29.348	0.034073	5.4821	19.795	124.92	26.970	36.811	1536.9	-0.66249	117.23	0.18449	supercritical
398.15	421.05	29.369	0.034049	5.4825	19.819	124.89	26.979	36.816	1538.5	-0.66229	117.46	0.18477	supercritical
398.15	422.05	29.390	0.034026	5.4828	19.843	124.87	26.988	36.821	1540.1	-0.66209	117.69	0.18505	supercritical
398.15	423.05	29.410	0.034002	5.4832	19.868	124.84	26.997	36.825	1541.6	-0.66190	117.92	0.18533	supercritical
398.15	424.05	29.431	0.033978	5.4836	19.892	124.82	27.006	36.830	1543.2	-0.66170	118.15	0.18561	supercritical
398.15	425.05	29.451	0.033955	5.4840	19.916	124.80	27.015	36.834	1544.7	-0.66150	118.38	0.18589	supercritical
398.15	426.05	29.471	0.033931	5.4844	19.941	124.77	27.024	36.839	1546.3	-0.66131	118.61	0.18616	supercritical
398.15	427.05	29.492	0.033908	5.4849	19.965	124.75	27.033	36.844	1547.8	-0.66111	118.84	0.18644	supercritical
398.15	428.05	29.512	0.033885	5.4853	19.990	124.72	27.042	36.848	1549.4	-0.66091	119.07	0.18672	supercritical
398.15	429.05	29.532	0.033861	5.4857	20.014	124.70	27.051	36.853	1550.9	-0.66071	119.29	0.18700	supercritical
398.15	430.05	29.552	0.033838	5.4862	20.038	124.68	27.059	36.858	1552.4	-0.66052	119.52	0.18727	supercritical
398.15	431.05	29.573	0.033815	5.4866	20.063	124.65	27.068	36.862	1554.0	-0.66032	119.75	0.18755	supercritical
398.15	432.05	29.593	0.033792	5.4870	20.087	124.63	27.077	36.867	1555.5	-0.66012	119.98	0.18783	supercritical
398.15	433.05	29.613	0.033769	5.4875	20.111	124.60	27.086	36.872	1557.0	-0.65992	120.21	0.18810	supercritical
398.15	434.05	29.633	0.033746	5.4880	20.136	124.58	27.095	36.876	1558.6	-0.65972	120.44	0.18838	supercritical
398.15	435.05	29.653	0.033724	5.4884	20.160	124.56	27.104	36.881	1560.1	-0.65952	120.67	0.18865	supercritical
398.15	436.05	29.673	0.033701	5.4889	20.184	124.53	27.112	36.885	1561.6	-0.65932	120.90	0.18893	supercritical
398.15	437.05	29.693	0.033678	5.4894	20.209	124.51	27.121	36.890	1563.1	-0.65913	121.13	0.18920	supercritical
398.15	438.05	29.712	0.033656	5.4899	20.233	124.49	27.130	36.895	1564.6	-0.65893	121.36	0.18948	supercritical
398.15	439.05	29.732	0.033634	5.4904	20.257	124.46	27.139	36.899	1566.2	-0.65873	121.59	0.18975	supercritical
398.15	440.05	29.752	0.033611	5.4909	20.282	124.44	27.147	36.904	1567.7	-0.65853	121.82	0.19003	supercritical
398.15	441.05	29.772	0.033589	5.4914	20.306	124.42	27.156	36.909	1569.2	-0.65833	122.05	0.19030	supercritical
398.15	442.05	29.791	0.033567	5.4919	20.330	124.39	27.165	36.913	1570.7	-0.65813	122.27	0.19057	supercritical
398.15	443.05	29.811	0.033545	5.4925	20.354	124.37	27.174	36.918	1572.2	-0.65793	122.50	0.19085	supercritical
398.15	444.05	29.831	0.033523	5.4930	20.379	124.35	27.182	36.923	1573.7	-0.65773	122.73	0.19112	supercritical
398.15	445.05	29.850	0.033501	5.4935	20.403	124.32	27.191	36.927	1575.2	-0.65753	122.96	0.19139	supercritical
398.15	446.05	29.870	0.033479	5.4941	20.427	124.30	27.200	36.932	1576.7	-0.65733	123.19	0.19166	supercritical
398.15	447.05	29.889	0.033457	5.4946	20.452	124.28	27.208	36.937	1578.2	-0.65713	123.42	0.19194	supercritical
398.15	448.05	29.909	0.033435	5.4952	20.476	124.25	27.217	36.941	1579.7	-0.65693	123.65	0.19221	supercritical
398.15	449.05	29.928	0.033413	5.4957	20.500	124.23	27.226	36.946	1581.2	-0.65673	123.88	0.19248	supercritical
398.15	450.05	29.947	0.033392	5.4963	20.524	124.21	27.234	36.951	1582.7	-0.65653	124.11	0.19275	supercritical
398.15	451.05	29.967	0.033370	5.4969	20.549	124.19	27.243	36.956	1584.2	-0.65633	124.34	0.19302	supercritical
398.15	452.05	29.986	0.033349	5.4974	20.573	124.16	27.252	36.960	1585.7	-0.65613	124.57	0.19329	supercritical
398.15	453.05	30.005	0.033328	5.4980	20.597	124.14	27.260	36.965	1587.1	-0.65593	124.80	0.19356	supercritical
398.15	454.05	30.024	0.033306	5.4986	20.621	124.12	27.269	36.970	1588.6	-0.65573	125.03	0.19383	supercritical
398.15	455.05	30.044	0.033285	5.4992	20.646	124.09	27.277	36.974	1590.1	-0.65552	125.26	0.19410	supercritical
398.15	456.05	30.063	0.033264	5.4998	20.670	124.07	27.286	36.979	1591.6	-0.65532	125.49	0.19437	supercritical
398.15	457.05	30.082	0.033243	5.5004	20.694	124.05	27.295	36.984	1593.0	-0.65512	125.72	0.19464	supercritical
398.15	458.05	30.101	0.033222	5.5010	20.718	124.03	27.303	36.988	1594.5	-0.65492	125.95	0.19491	supercritical
398.15	459.05	30.120	0.033201	5.5017	20.742	124.00	27.312	36.993	1596.0	-0.65472	126.18	0.19518	supercritical
398.15	460.05	30.139	0.033180	5.5023	20.767	123.98	27.320	36.998	1597.5	-0.65452	126.41	0.19545	supercritical
398.15	461.05	30.158	0.033159	5.5029	20.791	123.96	27.329	37.002	1598.9	-0.65432	126.64	0.19571	supercritical
398.15	462.05	30.177	0.033138	5.5036	20.815	123.94	27.337	37.007	1600.4	-0.65412	126.87	0.19598	supercritical
398.15	463.05	30.195	0.033118	5.5042	20.839	123.91	27.346	37.012	1601.9	-0.65392	127.10	0.19625	supercritical
398.15	464.05	30.214	0.033097	5.5049	20.864	123.89	27.354	37.017	1603.3	-0.65371	127.33	0.19652	supercritical
398.15	465.05	30.233	0.033076	5.5055	20.888	123.87	27.363	37.021	1604.8	-0.65351	127.56	0.19678	supercritical
398.15	466.05	30.252	0.033056	5.5062	20.912	123.85	27.371	37.026	1606.2	-0.65331	127.79	0.19705	supercritical
398.15	467.05	30.270	0.033036	5.5068	20.936	123.82	27.380	37.031	1607.7	-0.65311	128.02	0.19732	supercritical
398.15	468.05	30.289	0.033015	5.5075	20.960	123.80	27.388	37.035	1609.1	-0.65291	128.25	0.19758	supercritical
398.15	469.05	30.308	0.032995	5.5082	20.984	123.78	27.397	37.040	1610.6	-0.65271	128.48	0.19785	supercritical
398.15	470.05	30.326	0.032975	5.5089	21.009	123.76	27.405	37.045	1612.0	-0.65250	128.71	0.19811	supercritical
398.15	471.05	30.345	0.032955	5.5096	21.033	123.74	27.414	37.049	1613.5	-0.65230	128.94	0.19838	supercritical
398.15	472.05	30.363	0.032934	5.5103	21.057	123.71	27.422	37.054	1614.9	-0.65210	129.18	0.19864	supercritical
398.15	473.05	30.382	0.032914	5.5110	21.081	123.69	27.431	37.059	1616.4	-0.65190	129.41	0.19891	supercritical
398.15	474.05	30.400	0.032894	5.5117	21.105	123.67	27.439	37.064	1617.8	-0.65170	129.64	0.19917	supercritical
398.15	475.05	30.419	0.032875	5.5124	21.129	123.65	27.447	37.068	1619.2	-0.65150	129.87	0.19944	supercritical
398.15	476.05	30.437	0.032855	5.5131	21.154	123.63	27.456	37.073	1620.7	-0.65129	130.10	0.19970	supercritical
398.15	477.05	30.455	0.032835	5.5138	21.178	123.60	27.464	37.078	1622.1	-0.65109	130.33	0.19997	supercritical
398.15	478.05	30.474	0.032815	5.5146	21.202	123.58	27.473	37.082	1623.5	-0.65089	130.56	0.20023	supercritical
398.15	479.05	30.492	0.032796	5.5153	21.226	123.56	27.481	37.087	1625.0	-0.65069	130.79	0.20049	supercritical
398.15	480.05	30.510	0.032776	5.5160	21.250	123.54	27.489	37.092	1626.4	-0.65049	131.02	0.20076	supercritical
398.15	481.05	30.528	0.032756	5.5168	21.274	123.52	27.498	37.097	1627.8	-0.65028	131.25	0.20102	supercritical
398.15	482.05	30.547	0.032737	5.5175	21.298	123.50	27.506	37.101	1629.2	-0.65008	131.48	0.20128	supercritical
398.15	483.05	30.565	0.032718	5.5183	21.322	123.47	27.514	37.106	1630.7	-0.64988	131.71	0.20154	supercritical
398.15	484.05	30.583	0.032698	5.5191	21.347	123.45	27.523	37.111	1632.1	-0.64968	131.94	0.20180	supercritical
398.15	485.05	30.601	0.032679	5.5198	21.371	123.43	27.531	37.116	1633.5	-0.64948	132.18	0.20207	supercritical
398.15	486.05	30.619	0.032660	5.5206	21.395	123.41	27.539	37.120	1634.9	-0.64927	132.41	0.20233	supercritical
398.15	487.05	30.637	0.032640	5.5214	21.419	123.39	27.547	37.125	1636.3	-0.64907	132.64	0.20259	supercritical
398.15	488.05	30.655	0.032621	5.5221	21.443	123.37	27.556	37.130	1637.7	-0.64887	132.87	0.20285	supercritical
398.15	489.05	30.673	0.032602	5.5229	21.467	123.34	27.564	37.134	1639.1	-0.64867	133.10	0.20311	supercritical
398.15	490.05	30.691	0.032583	5.5237	21.491	123.32	27.572	37.139	1640.5	-0.64846	133.33	0.20337	supercritical
398.15	491.05	30.708	0.032564	5.5245	21.515	123.30	27.581	37.144	1641.9	-0.64826	133.56	0.20363	supercritical
398.15	492.05	30.726	0.032545	5.5253	21.539	123.28	27.589	37.149	1643.4	-0.64806	133.79	0.20389	supercritical
398.15	493.05	30.744	0.032527	5.5261	21.563	123.26	27.597	37.153	1644.8	-0.64786	134.02	0.20415	supercritical
398.15	494.05	30.762	0.032508	5.5269	21.587	123.24	27.605	37.158	1646.2	-0.64766	134.26	0.20441	supercritical
398.15	495.05	30.779	0.032489	5.5278	21.612	123.22	27.613	37.163	1647.6	-0.64745	134.49	0.20467	supercritical
398.15	496.05	30.797	0.032471	5.5286	21.636	123.20	27.622	37.168	1648.9	-0.64725	134.72	0.20493	supercritical
398.15	497.05	30.815	0.032452	5.5294	21.660	123.17	27.630	37.172	1650.3	-0.64705	134.95	0.20519	supercritical
398.15	498.05	30.832	0.032433	5.5303	21.684	123.15	27.638	37.177	1651.7	-0.64685	135.18	0.20544	supercritical
398.15	499.05	30.850	0.032415	5.5311	21.708	123.13	27.646	37.182	1653.1	-0.64665	135.41	0.20570	supercritical
398.15	500.05	30.868	0.032396	5.5319	21.732	123.11	27.654	37.187	1654.5	-0.64644	135.64	0.20596	supercritical
