Temperature (K)	Pressure (MPa)	Density (mol/l)	Volume (l/mol)	Internal Energy (kJ/mol)	Enthalpy (kJ/mol)	Entropy (J/mol*K)	Cv (J/mol*K)	Cp (J/mol*K)	Sound Spd. (m/s)	Joule-Thomson (K/MPa)	Viscosity (uPa*s)	Therm. Cond. (W/m*K)	Phase
298.15	0.050000	0.020172	49.575	6.1881	8.6669	197.36	20.814	29.148	351.99	2.1523	17.804	0.025719	vapor
298.15	1.0500	0.42434	2.3566	6.1303	8.6047	171.86	20.884	29.609	353.60	2.0777	17.964	0.026066	vapor
298.15	2.0500	0.82953	1.2055	6.0726	8.5439	166.10	20.953	30.071	355.44	2.0020	18.134	0.026485	vapor
298.15	3.0500	1.2352	0.80961	6.0150	8.4844	162.61	21.020	30.532	357.52	1.9254	18.314	0.026961	vapor
298.15	4.0500	1.6407	0.60951	5.9578	8.4263	160.07	21.085	30.990	359.83	1.8481	18.503	0.027481	vapor
298.15	4.0500	1.6407	0.60951	5.9578	8.4263	160.07	21.085	30.990	359.83	1.8481	18.503	0.027481	supercritical
298.15	4.0500	1.6407	0.60951	5.9578	8.4263	160.07	21.085	30.990	359.83	1.8481	18.503	0.027481	supercritical
298.15	5.0500	2.0454	0.48890	5.9009	8.3698	158.05	21.148	31.443	362.37	1.7705	18.703	0.028037	supercritical
298.15	6.0500	2.4488	0.40836	5.8445	8.3150	156.37	21.209	31.890	365.15	1.6926	18.914	0.028618	supercritical
298.15	7.0500	2.8503	0.35084	5.7885	8.2619	154.93	21.269	32.327	368.16	1.6149	19.136	0.029218	supercritical
298.15	8.0500	3.2492	0.30776	5.7331	8.2106	153.65	21.327	32.753	371.40	1.5376	19.369	0.029833	supercritical
298.15	9.0500	3.6450	0.27435	5.6784	8.1612	152.51	21.383	33.167	374.86	1.4610	19.612	0.030458	supercritical
298.15	10.050	4.0371	0.24770	5.6243	8.1137	151.48	21.437	33.567	378.54	1.3853	19.867	0.031090	supercritical
298.15	11.050	4.4250	0.22599	5.5711	8.0682	150.53	21.490	33.951	382.43	1.3108	20.133	0.031729	supercritical
298.15	12.050	4.8082	0.20798	5.5186	8.0247	149.66	21.541	34.319	386.52	1.2378	20.409	0.032372	supercritical
298.15	13.050	5.1862	0.19282	5.4670	7.9833	148.85	21.590	34.669	390.81	1.1664	20.695	0.033020	supercritical
298.15	14.050	5.5587	0.17990	5.4163	7.9439	148.09	21.638	35.000	395.28	1.0968	20.992	0.033672	supercritical
298.15	15.050	5.9252	0.16877	5.3665	7.9065	147.38	21.684	35.314	399.93	1.0290	21.297	0.034327	supercritical
298.15	16.050	6.2855	0.15910	5.3177	7.8712	146.72	21.729	35.608	404.73	0.96332	21.612	0.034987	supercritical
298.15	17.050	6.6393	0.15062	5.2699	7.8379	146.09	21.773	35.884	409.70	0.89970	21.935	0.035651	supercritical
298.15	18.050	6.9865	0.14313	5.2230	7.8066	145.49	21.816	36.141	414.80	0.83825	22.266	0.036318	supercritical
298.15	19.050	7.3267	0.13649	5.1772	7.7773	144.92	21.857	36.381	420.03	0.77899	22.604	0.036990	supercritical
298.15	20.050	7.6600	0.13055	5.1324	7.7499	144.38	21.897	36.602	425.38	0.72194	22.949	0.037665	supercritical
298.15	21.050	7.9862	0.12522	5.0886	7.7244	143.87	21.936	36.806	430.83	0.66710	23.300	0.038343	supercritical
298.15	22.050	8.3054	0.12040	5.0459	7.7008	143.38	21.974	36.994	436.38	0.61445	23.657	0.039024	supercritical
298.15	23.050	8.6174	0.11604	5.0041	7.6789	142.91	22.011	37.166	442.02	0.56398	24.019	0.039707	supercritical
298.15	24.050	8.9224	0.11208	4.9634	7.6588	142.46	22.048	37.323	447.74	0.51563	24.385	0.040393	supercritical
298.15	25.050	9.2203	0.10846	4.9236	7.6404	142.03	22.083	37.467	453.52	0.46937	24.756	0.041079	supercritical
298.15	26.050	9.5113	0.10514	4.8848	7.6237	141.61	22.118	37.597	459.35	0.42512	25.130	0.041767	supercritical
298.15	27.050	9.7955	0.10209	4.8470	7.6084	141.21	22.152	37.715	465.24	0.38284	25.508	0.042455	supercritical
298.15	28.050	10.073	0.099276	4.8101	7.5948	140.83	22.186	37.822	471.16	0.34245	25.888	0.043142	supercritical
298.15	29.050	10.344	0.096676	4.7741	7.5825	140.46	22.219	37.918	477.12	0.30388	26.270	0.043829	supercritical
298.15	30.050	10.608	0.094267	4.7390	7.5717	140.10	22.251	38.004	483.10	0.26707	26.654	0.044514	supercritical
298.15	31.050	10.866	0.092027	4.7048	7.5622	139.76	22.283	38.081	489.11	0.23192	27.040	0.045198	supercritical
298.15	32.050	11.118	0.089942	4.6714	7.5540	139.43	22.315	38.150	495.12	0.19838	27.428	0.045879	supercritical
298.15	33.050	11.364	0.087995	4.6388	7.5471	139.10	22.346	38.212	501.15	0.16637	27.816	0.046559	supercritical
298.15	34.050	11.604	0.086174	4.6071	7.5413	138.79	22.377	38.266	507.18	0.13582	28.205	0.047235	supercritical
298.15	35.050	11.839	0.084467	4.5761	7.5366	138.49	22.407	38.314	513.21	0.10665	28.595	0.047909	supercritical
298.15	36.050	12.068	0.082864	4.5459	7.5331	138.20	22.437	38.355	519.23	0.078793	28.984	0.048579	supercritical
298.15	37.050	12.292	0.081356	4.5164	7.5306	137.91	22.466	38.392	525.24	0.052192	29.374	0.049246	supercritical
298.15	38.050	12.510	0.079934	4.4876	7.5291	137.64	22.496	38.423	531.25	0.026780	29.764	0.049910	supercritical
298.15	39.050	12.724	0.078593	4.4595	7.5285	137.37	22.525	38.450	537.24	0.0024964	30.154	0.050570	supercritical
298.15	40.050	12.933	0.077324	4.4320	7.5289	137.11	22.553	38.473	543.21	-0.020715	30.543	0.051227	supercritical
298.15	41.050	13.137	0.076123	4.4052	7.5301	136.86	22.582	38.492	549.16	-0.042908	30.932	0.051880	supercritical
298.15	42.050	13.336	0.074984	4.3791	7.5322	136.61	22.610	38.507	555.08	-0.064135	31.321	0.052530	supercritical
298.15	43.050	13.531	0.073903	4.3535	7.5350	136.37	22.638	38.520	560.99	-0.084445	31.708	0.053176	supercritical
298.15	44.050	13.722	0.072874	4.3285	7.5387	136.14	22.666	38.530	566.86	-0.10388	32.095	0.053818	supercritical
298.15	45.050	13.909	0.071896	4.3041	7.5430	135.91	22.694	38.537	572.71	-0.12249	32.481	0.054457	supercritical
298.15	46.050	14.092	0.070963	4.2802	7.5481	135.69	22.721	38.542	578.53	-0.14031	32.866	0.055093	supercritical
298.15	47.050	14.271	0.070073	4.2569	7.5538	135.47	22.748	38.545	584.32	-0.15739	33.250	0.055725	supercritical
298.15	48.050	14.446	0.069222	4.2341	7.5602	135.26	22.775	38.546	590.07	-0.17375	33.633	0.056354	supercritical
298.15	49.050	14.618	0.068409	4.2118	7.5672	135.05	22.802	38.545	595.80	-0.18944	34.015	0.056980	supercritical
298.15	50.050	14.786	0.067630	4.1899	7.5748	134.85	22.829	38.543	601.49	-0.20449	34.396	0.057602	supercritical
298.15	51.050	14.951	0.066884	4.1685	7.5830	134.65	22.855	38.540	607.14	-0.21892	34.776	0.058222	supercritical
298.15	52.050	15.113	0.066169	4.1476	7.5917	134.46	22.882	38.535	612.76	-0.23278	35.155	0.058838	supercritical
298.15	53.050	15.271	0.065482	4.1271	7.6009	134.27	22.908	38.529	618.35	-0.24608	35.532	0.059452	supercritical
298.15	54.050	15.427	0.064821	4.1070	7.6106	134.08	22.934	38.523	623.90	-0.25885	35.909	0.060063	supercritical
298.15	55.050	15.580	0.064187	4.0874	7.6208	133.90	22.960	38.516	629.41	-0.27113	36.284	0.060671	supercritical
298.15	56.050	15.729	0.063575	4.0681	7.6315	133.72	22.985	38.508	634.89	-0.28292	36.658	0.061276	supercritical
298.15	57.050	15.876	0.062987	4.0492	7.6426	133.54	23.011	38.499	640.33	-0.29426	37.031	0.061879	supercritical
298.15	58.050	16.021	0.062419	4.0307	7.6542	133.37	23.036	38.490	645.73	-0.30517	37.402	0.062479	supercritical
298.15	59.050	16.162	0.061872	4.0126	7.6661	133.20	23.062	38.480	651.10	-0.31567	37.773	0.063077	supercritical
298.15	60.050	16.302	0.061343	3.9948	7.6784	133.04	23.087	38.470	656.43	-0.32577	38.142	0.063673	supercritical
298.15	61.050	16.439	0.060833	3.9773	7.6912	132.88	23.112	38.460	661.73	-0.33550	38.510	0.064266	supercritical
298.15	62.050	16.573	0.060339	3.9602	7.7042	132.72	23.137	38.449	666.99	-0.34487	38.877	0.064857	supercritical
298.15	63.050	16.705	0.059861	3.9434	7.7177	132.56	23.162	38.438	672.21	-0.35390	39.243	0.065446	supercritical
298.15	64.050	16.835	0.059399	3.9269	7.7314	132.41	23.186	38.427	677.40	-0.36260	39.607	0.066033	supercritical
298.15	65.050	16.963	0.058951	3.9108	7.7455	132.26	23.211	38.416	682.55	-0.37099	39.971	0.066618	supercritical
298.15	66.050	17.089	0.058517	3.8949	7.7599	132.11	23.235	38.405	687.67	-0.37909	40.333	0.067201	supercritical
298.15	67.050	17.213	0.058097	3.8793	7.7747	131.96	23.260	38.393	692.75	-0.38690	40.694	0.067781	supercritical
298.15	68.050	17.335	0.057688	3.8640	7.7897	131.82	23.284	38.382	697.79	-0.39444	41.054	0.068360	supercritical
298.15	69.050	17.454	0.057292	3.8489	7.8049	131.68	23.308	38.370	702.81	-0.40172	41.413	0.068938	supercritical
298.15	70.050	17.573	0.056907	3.8341	7.8205	131.54	23.332	38.359	707.78	-0.40875	41.771	0.069513	supercritical
298.15	71.050	17.689	0.056533	3.8196	7.8363	131.40	23.356	38.347	712.73	-0.41555	42.128	0.070086	supercritical
298.15	72.050	17.803	0.056169	3.8053	7.8523	131.26	23.379	38.336	717.64	-0.42211	42.484	0.070658	supercritical
298.15	73.050	17.916	0.055816	3.7913	7.8686	131.13	23.403	38.324	722.52	-0.42846	42.839	0.071228	supercritical
298.15	74.050	18.027	0.055472	3.7775	7.8852	131.00	23.427	38.313	727.36	-0.43460	43.193	0.071797	supercritical
298.15	75.050	18.137	0.055136	3.7640	7.9019	130.87	23.450	38.302	732.17	-0.44054	43.545	0.072364	supercritical
298.15	76.050	18.245	0.054810	3.7506	7.9189	130.74	23.473	38.290	736.95	-0.44629	43.897	0.072929	supercritical
298.15	77.050	18.351	0.054492	3.7375	7.9361	130.62	23.497	38.279	741.70	-0.45185	44.248	0.073493	supercritical
298.15	78.050	18.456	0.054182	3.7246	7.9535	130.49	23.520	38.268	746.42	-0.45724	44.598	0.074055	supercritical
298.15	79.050	18.560	0.053880	3.7119	7.9711	130.37	23.543	38.257	751.10	-0.46245	44.947	0.074615	supercritical
298.15	80.050	18.662	0.053585	3.6994	7.9889	130.25	23.566	38.246	755.76	-0.46750	45.295	0.075174	supercritical
298.15	81.050	18.763	0.053297	3.6871	8.0069	130.13	23.589	38.236	760.38	-0.47240	45.642	0.075732	supercritical
298.15	82.050	18.862	0.053016	3.6750	8.0250	130.01	23.611	38.225	764.97	-0.47714	45.988	0.076288	supercritical
298.15	83.050	18.960	0.052742	3.6631	8.0433	129.90	23.634	38.215	769.54	-0.48174	46.333	0.076843	supercritical
298.15	84.050	19.057	0.052474	3.6514	8.0618	129.78	23.656	38.205	774.07	-0.48619	46.678	0.077396	supercritical
298.15	85.050	19.153	0.052212	3.6398	8.0805	129.67	23.679	38.195	778.58	-0.49052	47.022	0.077948	supercritical
298.15	86.050	19.247	0.051956	3.6285	8.0993	129.56	23.701	38.185	783.05	-0.49471	47.364	0.078499	supercritical
298.15	87.050	19.340	0.051706	3.6173	8.1183	129.45	23.724	38.175	787.50	-0.49878	47.706	0.079048	supercritical
298.15	88.050	19.432	0.051461	3.6063	8.1374	129.34	23.746	38.166	791.92	-0.50272	48.047	0.079596	supercritical
298.15	89.050	19.523	0.051221	3.5954	8.1566	129.23	23.768	38.156	796.31	-0.50655	48.388	0.080142	supercritical
298.15	90.050	19.613	0.050987	3.5847	8.1760	129.13	23.790	38.147	800.67	-0.51027	48.727	0.080687	supercritical
298.15	91.050	19.702	0.050757	3.5742	8.1956	129.02	23.812	38.138	805.01	-0.51388	49.066	0.081231	supercritical
298.15	92.050	19.789	0.050532	3.5638	8.2152	128.92	23.834	38.129	809.32	-0.51739	49.404	0.081773	supercritical
298.15	93.050	19.876	0.050312	3.5535	8.2350	128.81	23.855	38.120	813.60	-0.52079	49.742	0.082314	supercritical
298.15	94.050	19.962	0.050096	3.5435	8.2549	128.71	23.877	38.112	817.86	-0.52410	50.078	0.082854	supercritical
298.15	95.050	20.047	0.049884	3.5335	8.2750	128.61	23.898	38.103	822.09	-0.52731	50.414	0.083392	supercritical
298.15	96.050	20.130	0.049676	3.5237	8.2951	128.51	23.920	38.095	826.29	-0.53043	50.749	0.083930	supercritical
298.15	97.050	20.213	0.049473	3.5140	8.3154	128.41	23.941	38.087	830.47	-0.53347	51.084	0.084466	supercritical
298.15	98.050	20.295	0.049273	3.5045	8.3358	128.32	23.963	38.079	834.62	-0.53641	51.418	0.085000	supercritical
298.15	99.050	20.376	0.049077	3.4951	8.3562	128.22	23.984	38.072	838.75	-0.53928	51.751	0.085534	supercritical
298.15	100.05	20.456	0.048885	3.4859	8.3768	128.13	24.005	38.064	842.86	-0.54207	52.083	0.086066	supercritical
298.15	101.05	20.535	0.048697	3.4767	8.3975	128.03	24.026	38.057	846.94	-0.54478	52.415	0.086597	supercritical
298.15	102.05	20.614	0.048511	3.4677	8.4183	127.94	24.047	38.050	850.99	-0.54742	52.746	0.087126	supercritical
298.15	103.05	20.691	0.048329	3.4588	8.4392	127.85	24.068	38.043	855.03	-0.54998	53.077	0.087655	supercritical
298.15	104.05	20.768	0.048151	3.4500	8.4601	127.75	24.089	38.036	859.04	-0.55247	53.407	0.088182	supercritical
298.15	105.05	20.844	0.047975	3.4414	8.4812	127.66	24.110	38.029	863.02	-0.55490	53.736	0.088708	supercritical
298.15	106.05	20.919	0.047803	3.4329	8.5023	127.57	24.130	38.023	866.98	-0.55726	54.065	0.089232	supercritical
298.15	107.05	20.994	0.047633	3.4244	8.5236	127.49	24.151	38.017	870.92	-0.55956	54.393	0.089756	supercritical
298.15	108.05	21.067	0.047467	3.4161	8.5449	127.40	24.171	38.010	874.84	-0.56179	54.721	0.090278	supercritical
298.15	109.05	21.140	0.047303	3.4079	8.5663	127.31	24.192	38.004	878.74	-0.56397	55.048	0.090799	supercritical
298.15	110.05	21.213	0.047142	3.3998	8.5877	127.22	24.212	37.999	882.61	-0.56609	55.375	0.091319	supercritical
298.15	111.05	21.284	0.046983	3.3918	8.6093	127.14	24.232	37.993	886.47	-0.56815	55.701	0.091838	supercritical
298.15	112.05	21.355	0.046827	3.3839	8.6309	127.05	24.253	37.988	890.30	-0.57016	56.027	0.092355	supercritical
298.15	113.05	21.425	0.046674	3.3762	8.6526	126.97	24.273	37.982	894.11	-0.57211	56.352	0.092872	supercritical
298.15	114.05	21.495	0.046523	3.3685	8.6744	126.89	24.293	37.977	897.90	-0.57402	56.676	0.093387	supercritical
298.15	115.05	21.564	0.046374	3.3609	8.6962	126.80	24.313	37.972	901.67	-0.57587	57.000	0.093901	supercritical
298.15	116.05	21.632	0.046228	3.3534	8.7181	126.72	24.333	37.967	905.41	-0.57768	57.324	0.094413	supercritical
298.15	117.05	21.700	0.046084	3.3460	8.7401	126.64	24.353	37.962	909.14	-0.57944	57.647	0.094925	supercritical
298.15	118.05	21.767	0.045942	3.3387	8.7621	126.56	24.372	37.958	912.85	-0.58115	57.969	0.095435	supercritical
298.15	119.05	21.833	0.045802	3.3315	8.7842	126.48	24.392	37.953	916.54	-0.58282	58.291	0.095945	supercritical
298.15	120.05	21.899	0.045664	3.3244	8.8063	126.40	24.412	37.949	920.21	-0.58445	58.613	0.096453	supercritical
298.15	121.05	21.964	0.045529	3.3173	8.8286	126.32	24.431	37.945	923.86	-0.58603	58.934	0.096960	supercritical
298.15	122.05	22.029	0.045395	3.3104	8.8508	126.25	24.451	37.941	927.49	-0.58757	59.255	0.097465	supercritical
298.15	123.05	22.093	0.045263	3.3035	8.8731	126.17	24.470	37.937	931.10	-0.58908	59.575	0.097970	supercritical
298.15	124.05	22.157	0.045133	3.2967	8.8955	126.09	24.490	37.933	934.69	-0.59054	59.895	0.098473	supercritical
298.15	125.05	22.220	0.045005	3.2900	8.9179	126.02	24.509	37.930	938.27	-0.59197	60.215	0.098976	supercritical
298.15	126.05	22.282	0.044879	3.2834	8.9404	125.94	24.528	37.926	941.83	-0.59336	60.534	0.099477	supercritical
298.15	127.05	22.344	0.044755	3.2769	8.9629	125.87	24.547	37.923	945.37	-0.59472	60.852	0.099977	supercritical
298.15	128.05	22.406	0.044632	3.2704	8.9855	125.79	24.566	37.920	948.89	-0.59604	61.171	0.10048	supercritical
298.15	129.05	22.466	0.044511	3.2640	9.0081	125.72	24.585	37.917	952.39	-0.59733	61.489	0.10097	supercritical
298.15	130.05	22.527	0.044391	3.2577	9.0308	125.64	24.604	37.914	955.88	-0.59858	61.806	0.10147	supercritical
298.15	131.05	22.587	0.044274	3.2515	9.0535	125.57	24.623	37.911	959.34	-0.59980	62.123	0.10197	supercritical
298.15	132.05	22.646	0.044157	3.2453	9.0763	125.50	24.642	37.908	962.80	-0.60100	62.440	0.10246	supercritical
298.15	133.05	22.705	0.044043	3.2392	9.0991	125.43	24.661	37.906	966.23	-0.60216	62.756	0.10295	supercritical
298.15	134.05	22.764	0.043929	3.2332	9.1219	125.36	24.680	37.903	969.65	-0.60329	63.072	0.10345	supercritical
298.15	135.05	22.822	0.043817	3.2273	9.1448	125.29	24.698	37.901	973.05	-0.60440	63.388	0.10394	supercritical
298.15	136.05	22.880	0.043707	3.2214	9.1678	125.22	24.717	37.899	976.44	-0.60547	63.703	0.10443	supercritical
298.15	137.05	22.937	0.043598	3.2156	9.1907	125.15	24.735	37.896	979.81	-0.60652	64.018	0.10492	supercritical
298.15	138.05	22.994	0.043490	3.2099	9.2137	125.08	24.754	37.894	983.16	-0.60754	64.333	0.10540	supercritical
298.15	139.05	23.050	0.043384	3.2042	9.2368	125.01	24.772	37.893	986.50	-0.60854	64.647	0.10589	supercritical
298.15	140.05	23.106	0.043279	3.1986	9.2598	124.94	24.791	37.891	989.82	-0.60951	64.961	0.10638	supercritical
298.15	141.05	23.161	0.043176	3.1930	9.2830	124.88	24.809	37.889	993.12	-0.61046	65.275	0.10686	supercritical
298.15	142.05	23.216	0.043073	3.1876	9.3061	124.81	24.827	37.887	996.41	-0.61138	65.589	0.10734	supercritical
298.15	143.05	23.271	0.042972	3.1821	9.3293	124.74	24.845	37.886	999.69	-0.61228	65.902	0.10783	supercritical
298.15	144.05	23.325	0.042872	3.1768	9.3525	124.68	24.864	37.885	1003.0	-0.61316	66.214	0.10831	supercritical
298.15	145.05	23.379	0.042773	3.1715	9.3757	124.61	24.882	37.883	1006.2	-0.61401	66.527	0.10879	supercritical
298.15	146.05	23.433	0.042676	3.1663	9.3990	124.54	24.900	37.882	1009.4	-0.61485	66.839	0.10927	supercritical
298.15	147.05	23.486	0.042579	3.1611	9.4223	124.48	24.918	37.881	1012.6	-0.61566	67.151	0.10975	supercritical
298.15	148.05	23.538	0.042484	3.1560	9.4457	124.42	24.936	37.880	1015.8	-0.61645	67.463	0.11022	supercritical
298.15	149.05	23.591	0.042389	3.1509	9.4690	124.35	24.953	37.879	1019.0	-0.61722	67.774	0.11070	supercritical
298.15	150.05	23.643	0.042296	3.1459	9.4924	124.29	24.971	37.879	1022.2	-0.61797	68.085	0.11117	supercritical
298.15	151.05	23.694	0.042204	3.1409	9.5158	124.22	24.989	37.878	1025.4	-0.61870	68.396	0.11165	supercritical
298.15	152.05	23.746	0.042113	3.1360	9.5393	124.16	25.007	37.877	1028.5	-0.61941	68.707	0.11212	supercritical
298.15	153.05	23.797	0.042023	3.1312	9.5628	124.10	25.024	37.877	1031.6	-0.62011	69.017	0.11259	supercritical
298.15	154.05	23.847	0.041933	3.1264	9.5863	124.04	25.042	37.876	1034.8	-0.62078	69.327	0.11306	supercritical
298.15	155.05	23.898	0.041845	3.1217	9.6098	123.98	25.059	37.876	1037.9	-0.62144	69.637	0.11353	supercritical
298.15	156.05	23.947	0.041758	3.1170	9.6333	123.92	25.077	37.876	1041.0	-0.62209	69.946	0.11400	supercritical
298.15	157.05	23.997	0.041672	3.1124	9.6569	123.85	25.094	37.876	1044.0	-0.62271	70.256	0.11447	supercritical
298.15	158.05	24.046	0.041586	3.1078	9.6805	123.79	25.112	37.876	1047.1	-0.62332	70.565	0.11494	supercritical
298.15	159.05	24.095	0.041502	3.1033	9.7041	123.73	25.129	37.876	1050.2	-0.62391	70.874	0.11540	supercritical
298.15	160.05	24.144	0.041418	3.0988	9.7278	123.67	25.146	37.876	1053.2	-0.62449	71.182	0.11587	supercritical
298.15	161.05	24.192	0.041336	3.0943	9.7514	123.61	25.163	37.876	1056.2	-0.62505	71.491	0.11633	supercritical
298.15	162.05	24.240	0.041254	3.0900	9.7751	123.56	25.180	37.876	1059.2	-0.62560	71.799	0.11679	supercritical
298.15	163.05	24.288	0.041173	3.0856	9.7988	123.50	25.198	37.877	1062.2	-0.62613	72.107	0.11725	supercritical
298.15	164.05	24.335	0.041092	3.0813	9.8226	123.44	25.215	37.877	1065.2	-0.62665	72.415	0.11772	supercritical
298.15	165.05	24.382	0.041013	3.0771	9.8463	123.38	25.232	37.878	1068.2	-0.62715	72.722	0.11819	supercritical
298.15	166.05	24.429	0.040935	3.0729	9.8701	123.32	25.249	37.878	1071.2	-0.62764	73.030	0.11866	supercritical
298.15	167.05	24.476	0.040857	3.0687	9.8939	123.27	25.266	37.879	1074.1	-0.62812	73.337	0.11912	supercritical
298.15	168.05	24.522	0.040780	3.0646	9.9177	123.21	25.282	37.879	1077.1	-0.62858	73.644	0.11958	supercritical
298.15	169.05	24.568	0.040703	3.0606	9.9415	123.15	25.299	37.880	1080.0	-0.62903	73.950	0.12004	supercritical
298.15	170.05	24.614	0.040628	3.0566	9.9653	123.09	25.316	37.881	1082.9	-0.62947	74.257	0.12050	supercritical
298.15	171.05	24.659	0.040553	3.0526	9.9892	123.04	25.333	37.882	1085.8	-0.62990	74.563	0.12095	supercritical
298.15	172.05	24.704	0.040479	3.0486	10.013	122.98	25.349	37.883	1088.7	-0.63031	74.869	0.12141	supercritical
298.15	173.05	24.749	0.040405	3.0448	10.037	122.93	25.366	37.884	1091.6	-0.63072	75.175	0.12186	supercritical
298.15	174.05	24.794	0.040333	3.0409	10.061	122.87	25.383	37.885	1094.5	-0.63111	75.481	0.12232	supercritical
298.15	175.05	24.838	0.040261	3.0371	10.085	122.82	25.399	37.886	1097.3	-0.63149	75.787	0.12277	supercritical
298.15	176.05	24.882	0.040189	3.0333	10.109	122.76	25.416	37.888	1100.2	-0.63186	76.092	0.12322	supercritical
298.15	177.05	24.926	0.040119	3.0296	10.133	122.71	25.432	37.889	1103.0	-0.63221	76.398	0.12367	supercritical
298.15	178.05	24.970	0.040049	3.0259	10.157	122.65	25.448	37.890	1105.9	-0.63256	76.703	0.12412	supercritical
298.15	179.05	25.013	0.039979	3.0223	10.181	122.60	25.465	37.892	1108.7	-0.63290	77.008	0.12457	supercritical
298.15	180.05	25.056	0.039911	3.0186	10.205	122.55	25.481	37.893	1111.5	-0.63323	77.313	0.12501	supercritical
298.15	181.05	25.099	0.039842	3.0151	10.229	122.49	25.497	37.895	1114.3	-0.63354	77.617	0.12546	supercritical
298.15	182.05	25.141	0.039775	3.0115	10.253	122.44	25.514	37.897	1117.1	-0.63385	77.922	0.12590	supercritical
298.15	183.05	25.184	0.039708	3.0080	10.277	122.39	25.530	37.898	1119.8	-0.63415	78.226	0.12635	supercritical
298.15	184.05	25.226	0.039642	3.0046	10.301	122.34	25.546	37.900	1122.6	-0.63444	78.530	0.12679	supercritical
298.15	185.05	25.268	0.039576	3.0012	10.325	122.28	25.562	37.902	1125.4	-0.63472	78.834	0.12723	supercritical
298.15	186.05	25.310	0.039511	2.9978	10.349	122.23	25.578	37.904	1128.1	-0.63499	79.138	0.12767	supercritical
298.15	187.05	25.351	0.039446	2.9944	10.373	122.18	25.594	37.906	1130.8	-0.63525	79.442	0.12811	supercritical
298.15	188.05	25.392	0.039382	2.9911	10.397	122.13	25.610	37.907	1133.6	-0.63550	79.746	0.12855	supercritical
298.15	189.05	25.433	0.039319	2.9878	10.421	122.08	25.626	37.910	1136.3	-0.63575	80.049	0.12899	supercritical
298.15	190.05	25.474	0.039256	2.9846	10.445	122.03	25.642	37.912	1139.0	-0.63598	80.352	0.12943	supercritical
298.15	191.05	25.515	0.039193	2.9814	10.469	121.98	25.658	37.914	1141.7	-0.63621	80.656	0.12986	supercritical
298.15	192.05	25.555	0.039131	2.9782	10.493	121.92	25.673	37.916	1144.4	-0.63643	80.959	0.13030	supercritical
298.15	193.05	25.595	0.039070	2.9750	10.517	121.87	25.689	37.918	1147.0	-0.63665	81.262	0.13073	supercritical
298.15	194.05	25.635	0.039009	2.9719	10.542	121.82	25.705	37.920	1149.7	-0.63685	81.564	0.13117	supercritical
298.15	195.05	25.675	0.038949	2.9689	10.566	121.78	25.720	37.923	1152.4	-0.63705	81.867	0.13160	supercritical
298.15	196.05	25.714	0.038889	2.9658	10.590	121.73	25.736	37.925	1155.0	-0.63724	82.170	0.13203	supercritical
298.15	197.05	25.754	0.038829	2.9628	10.614	121.68	25.752	37.927	1157.6	-0.63742	82.472	0.13246	supercritical
298.15	198.05	25.793	0.038770	2.9598	10.638	121.63	25.767	37.930	1160.3	-0.63760	82.775	0.13289	supercritical
298.15	199.05	25.832	0.038712	2.9569	10.662	121.58	25.783	37.932	1162.9	-0.63777	83.077	0.13332	supercritical
298.15	200.05	25.871	0.038654	2.9539	10.687	121.53	25.798	37.935	1165.5	-0.63793	83.379	0.13375	supercritical
298.15	201.05	25.909	0.038597	2.9510	10.711	121.48	25.814	37.938	1168.1	-0.63809	83.681	0.13418	supercritical
298.15	202.05	25.947	0.038539	2.9482	10.735	121.43	25.829	37.940	1170.7	-0.63823	83.983	0.13460	supercritical
298.15	203.05	25.986	0.038483	2.9454	10.759	121.39	25.844	37.943	1173.3	-0.63838	84.285	0.13503	supercritical
298.15	204.05	26.024	0.038427	2.9426	10.784	121.34	25.860	37.946	1175.9	-0.63851	84.586	0.13545	supercritical
298.15	205.05	26.061	0.038371	2.9398	10.808	121.29	25.875	37.948	1178.4	-0.63865	84.888	0.13588	supercritical
298.15	206.05	26.099	0.038316	2.9371	10.832	121.24	25.890	37.951	1181.0	-0.63877	85.189	0.13630	supercritical
298.15	207.05	26.136	0.038261	2.9343	10.856	121.20	25.905	37.954	1183.5	-0.63889	85.491	0.13672	supercritical
298.15	208.05	26.174	0.038206	2.9317	10.881	121.15	25.921	37.957	1186.1	-0.63900	85.792	0.13714	supercritical
298.15	209.05	26.211	0.038152	2.9290	10.905	121.10	25.936	37.960	1188.6	-0.63911	86.093	0.13756	supercritical
298.15	210.05	26.248	0.038099	2.9264	10.929	121.06	25.951	37.963	1191.1	-0.63921	86.394	0.13798	supercritical
298.15	211.05	26.284	0.038045	2.9238	10.953	121.01	25.966	37.966	1193.7	-0.63931	86.695	0.13840	supercritical
298.15	212.05	26.321	0.037993	2.9212	10.978	120.96	25.981	37.969	1196.2	-0.63940	86.996	0.13882	supercritical
298.15	213.05	26.357	0.037940	2.9187	11.002	120.92	25.996	37.972	1198.7	-0.63948	87.297	0.13923	supercritical
298.15	214.05	26.393	0.037888	2.9162	11.026	120.87	26.011	37.975	1201.2	-0.63956	87.598	0.13965	supercritical
298.15	215.05	26.430	0.037837	2.9137	11.050	120.83	26.026	37.978	1203.6	-0.63964	87.898	0.14007	supercritical
298.15	216.05	26.465	0.037785	2.9112	11.075	120.78	26.040	37.982	1206.1	-0.63971	88.199	0.14048	supercritical
298.15	217.05	26.501	0.037734	2.9088	11.099	120.74	26.055	37.985	1208.6	-0.63977	88.500	0.14089	supercritical
298.15	218.05	26.537	0.037684	2.9064	11.123	120.69	26.070	37.988	1211.0	-0.63983	88.800	0.14131	supercritical
298.15	219.05	26.572	0.037634	2.9040	11.148	120.65	26.085	37.991	1213.5	-0.63989	89.100	0.14172	supercritical
298.15	220.05	26.607	0.037584	2.9016	11.172	120.60	26.100	37.995	1215.9	-0.63994	89.401	0.14213	supercritical
298.15	221.05	26.642	0.037534	2.8993	11.196	120.56	26.114	37.998	1218.4	-0.63999	89.701	0.14254	supercritical
298.15	222.05	26.677	0.037485	2.8970	11.221	120.51	26.129	38.002	1220.8	-0.64003	90.001	0.14295	supercritical
298.15	223.05	26.712	0.037436	2.8947	11.245	120.47	26.144	38.005	1223.2	-0.64007	90.301	0.14336	supercritical
298.15	224.05	26.747	0.037388	2.8925	11.269	120.42	26.158	38.008	1225.6	-0.64010	90.601	0.14377	supercritical
298.15	225.05	26.781	0.037340	2.8902	11.294	120.38	26.173	38.012	1228.0	-0.64013	90.901	0.14417	supercritical
298.15	226.05	26.815	0.037292	2.8880	11.318	120.34	26.187	38.015	1230.4	-0.64015	91.201	0.14458	supercritical
298.15	227.05	26.850	0.037245	2.8858	11.342	120.29	26.202	38.019	1232.8	-0.64017	91.500	0.14499	supercritical
298.15	228.05	26.884	0.037198	2.8837	11.367	120.25	26.216	38.023	1235.2	-0.64019	91.800	0.14539	supercritical
298.15	229.05	26.917	0.037151	2.8815	11.391	120.21	26.231	38.026	1237.6	-0.64020	92.100	0.14580	supercritical
298.15	230.05	26.951	0.037104	2.8794	11.415	120.17	26.245	38.030	1240.0	-0.64021	92.399	0.14620	supercritical
298.15	231.05	26.985	0.037058	2.8773	11.440	120.12	26.259	38.034	1242.3	-0.64022	92.699	0.14660	supercritical
298.15	232.05	27.018	0.037012	2.8753	11.464	120.08	26.274	38.037	1244.7	-0.64022	92.998	0.14700	supercritical
298.15	233.05	27.051	0.036967	2.8732	11.488	120.04	26.288	38.041	1247.0	-0.64022	93.298	0.14741	supercritical
298.15	234.05	27.085	0.036921	2.8712	11.513	120.00	26.302	38.045	1249.4	-0.64021	93.597	0.14781	supercritical
298.15	235.05	27.118	0.036877	2.8692	11.537	119.95	26.316	38.049	1251.7	-0.64020	93.896	0.14821	supercritical
298.15	236.05	27.150	0.036832	2.8672	11.561	119.91	26.331	38.053	1254.0	-0.64019	94.196	0.14860	supercritical
298.15	237.05	27.183	0.036788	2.8653	11.586	119.87	26.345	38.056	1256.4	-0.64017	94.495	0.14900	supercritical
298.15	238.05	27.216	0.036743	2.8633	11.610	119.83	26.359	38.060	1258.7	-0.64015	94.794	0.14940	supercritical
298.15	239.05	27.248	0.036700	2.8614	11.634	119.79	26.373	38.064	1261.0	-0.64013	95.093	0.14980	supercritical
298.15	240.05	27.281	0.036656	2.8595	11.659	119.75	26.387	38.068	1263.3	-0.64010	95.392	0.15019	supercritical
298.15	241.05	27.313	0.036613	2.8577	11.683	119.70	26.401	38.072	1265.6	-0.64007	95.691	0.15059	supercritical
298.15	242.05	27.345	0.036570	2.8558	11.708	119.66	26.415	38.076	1267.9	-0.64004	95.990	0.15098	supercritical
298.15	243.05	27.377	0.036527	2.8540	11.732	119.62	26.429	38.080	1270.2	-0.64001	96.289	0.15138	supercritical
298.15	244.05	27.409	0.036485	2.8522	11.756	119.58	26.443	38.084	1272.4	-0.63997	96.588	0.15177	supercritical
298.15	245.05	27.440	0.036443	2.8504	11.781	119.54	26.457	38.088	1274.7	-0.63993	96.887	0.15216	supercritical
298.15	246.05	27.472	0.036401	2.8486	11.805	119.50	26.471	38.092	1277.0	-0.63988	97.186	0.15255	supercritical
298.15	247.05	27.503	0.036359	2.8469	11.829	119.46	26.485	38.096	1279.2	-0.63983	97.484	0.15294	supercritical
298.15	248.05	27.535	0.036318	2.8452	11.854	119.42	26.499	38.101	1281.5	-0.63978	97.783	0.15333	supercritical
298.15	249.05	27.566	0.036277	2.8434	11.878	119.38	26.512	38.105	1283.7	-0.63973	98.082	0.15372	supercritical
298.15	250.05	27.597	0.036236	2.8418	11.903	119.34	26.526	38.109	1285.9	-0.63968	98.380	0.15411	supercritical
298.15	251.05	27.628	0.036195	2.8401	11.927	119.30	26.540	38.113	1288.2	-0.63962	98.679	0.15450	supercritical
298.15	252.05	27.659	0.036155	2.8384	11.951	119.26	26.554	38.117	1290.4	-0.63956	98.978	0.15489	supercritical
298.15	253.05	27.689	0.036115	2.8368	11.976	119.22	26.567	38.122	1292.6	-0.63949	99.276	0.15527	supercritical
298.15	254.05	27.720	0.036075	2.8352	12.000	119.18	26.581	38.126	1294.8	-0.63943	99.575	0.15566	supercritical
298.15	255.05	27.750	0.036035	2.8336	12.024	119.14	26.594	38.130	1297.0	-0.63936	99.873	0.15605	supercritical
298.15	256.05	27.781	0.035996	2.8320	12.049	119.10	26.608	38.134	1299.2	-0.63929	100.17	0.15643	supercritical
298.15	257.05	27.811	0.035957	2.8305	12.073	119.07	26.622	38.139	1301.4	-0.63921	100.47	0.15681	supercritical
298.15	258.05	27.841	0.035918	2.8290	12.098	119.03	26.635	38.143	1303.6	-0.63914	100.77	0.15720	supercritical
298.15	259.05	27.871	0.035879	2.8274	12.122	118.99	26.649	38.148	1305.8	-0.63906	101.07	0.15758	supercritical
298.15	260.05	27.901	0.035841	2.8259	12.146	118.95	26.662	38.152	1308.0	-0.63898	101.37	0.15796	supercritical
298.15	261.05	27.931	0.035803	2.8245	12.171	118.91	26.676	38.156	1310.2	-0.63890	101.66	0.15834	supercritical
298.15	262.05	27.961	0.035765	2.8230	12.195	118.87	26.689	38.161	1312.3	-0.63881	101.96	0.15872	supercritical
298.15	263.05	27.990	0.035727	2.8216	12.219	118.83	26.702	38.165	1314.5	-0.63873	102.26	0.15910	supercritical
298.15	264.05	28.020	0.035689	2.8201	12.244	118.80	26.716	38.170	1316.6	-0.63864	102.56	0.15948	supercritical
298.15	265.05	28.049	0.035652	2.8187	12.268	118.76	26.729	38.174	1318.8	-0.63855	102.86	0.15986	supercritical
298.15	266.05	28.078	0.035615	2.8173	12.293	118.72	26.742	38.179	1320.9	-0.63845	103.15	0.16024	supercritical
298.15	267.05	28.107	0.035578	2.8160	12.317	118.68	26.756	38.183	1323.1	-0.63836	103.45	0.16062	supercritical
298.15	268.05	28.137	0.035541	2.8146	12.341	118.65	26.769	38.188	1325.2	-0.63826	103.75	0.16099	supercritical
298.15	269.05	28.165	0.035504	2.8133	12.366	118.61	26.782	38.192	1327.3	-0.63816	104.05	0.16137	supercritical
298.15	270.05	28.194	0.035468	2.8119	12.390	118.57	26.795	38.197	1329.4	-0.63806	104.35	0.16175	supercritical
298.15	271.05	28.223	0.035432	2.8106	12.414	118.53	26.809	38.202	1331.5	-0.63796	104.65	0.16212	supercritical
298.15	272.05	28.252	0.035396	2.8093	12.439	118.50	26.822	38.206	1333.7	-0.63785	104.94	0.16249	supercritical
298.15	273.05	28.280	0.035360	2.8081	12.463	118.46	26.835	38.211	1335.8	-0.63775	105.24	0.16287	supercritical
298.15	274.05	28.309	0.035325	2.8068	12.488	118.42	26.848	38.215	1337.9	-0.63764	105.54	0.16324	supercritical
298.15	275.05	28.337	0.035290	2.8056	12.512	118.39	26.861	38.220	1339.9	-0.63753	105.84	0.16361	supercritical
298.15	276.05	28.365	0.035254	2.8043	12.536	118.35	26.874	38.225	1342.0	-0.63741	106.14	0.16398	supercritical
298.15	277.05	28.393	0.035219	2.8031	12.561	118.31	26.887	38.230	1344.1	-0.63730	106.43	0.16436	supercritical
298.15	278.05	28.421	0.035185	2.8019	12.585	118.28	26.900	38.234	1346.2	-0.63718	106.73	0.16473	supercritical
298.15	279.05	28.449	0.035150	2.8008	12.609	118.24	26.913	38.239	1348.3	-0.63707	107.03	0.16510	supercritical
298.15	280.05	28.477	0.035116	2.7996	12.634	118.20	26.926	38.244	1350.3	-0.63695	107.33	0.16546	supercritical
298.15	281.05	28.505	0.035082	2.7985	12.658	118.17	26.939	38.248	1352.4	-0.63683	107.63	0.16583	supercritical
298.15	282.05	28.533	0.035048	2.7973	12.682	118.13	26.952	38.253	1354.4	-0.63671	107.92	0.16620	supercritical
298.15	283.05	28.560	0.035014	2.7962	12.707	118.10	26.965	38.258	1356.5	-0.63658	108.22	0.16657	supercritical
298.15	284.05	28.588	0.034980	2.7951	12.731	118.06	26.978	38.263	1358.5	-0.63646	108.52	0.16693	supercritical
298.15	285.05	28.615	0.034947	2.7940	12.756	118.03	26.990	38.268	1360.6	-0.63633	108.82	0.16730	supercritical
298.15	286.05	28.642	0.034913	2.7930	12.780	117.99	27.003	38.272	1362.6	-0.63620	109.12	0.16767	supercritical
298.15	287.05	28.670	0.034880	2.7919	12.804	117.95	27.016	38.277	1364.7	-0.63607	109.41	0.16803	supercritical
298.15	288.05	28.697	0.034847	2.7909	12.829	117.92	27.029	38.282	1366.7	-0.63594	109.71	0.16840	supercritical
298.15	289.05	28.724	0.034814	2.7898	12.853	117.88	27.041	38.287	1368.7	-0.63581	110.01	0.16876	supercritical
298.15	290.05	28.751	0.034782	2.7888	12.877	117.85	27.054	38.292	1370.7	-0.63568	110.31	0.16912	supercritical
298.15	291.05	28.778	0.034749	2.7878	12.902	117.81	27.067	38.297	1372.7	-0.63554	110.61	0.16948	supercritical
298.15	292.05	28.804	0.034717	2.7868	12.926	117.78	27.079	38.302	1374.7	-0.63541	110.90	0.16985	supercritical
298.15	293.05	28.831	0.034685	2.7859	12.950	117.74	27.092	38.307	1376.7	-0.63527	111.20	0.17021	supercritical
298.15	294.05	28.858	0.034653	2.7849	12.975	117.71	27.105	38.312	1378.7	-0.63513	111.50	0.17057	supercritical
298.15	295.05	28.884	0.034621	2.7840	12.999	117.68	27.117	38.317	1380.7	-0.63499	111.80	0.17093	supercritical
298.15	296.05	28.910	0.034590	2.7831	13.023	117.64	27.130	38.322	1382.7	-0.63485	112.10	0.17129	supercritical
298.15	297.05	28.937	0.034558	2.7821	13.048	117.61	27.142	38.327	1384.7	-0.63471	112.39	0.17165	supercritical
298.15	298.05	28.963	0.034527	2.7812	13.072	117.57	27.155	38.332	1386.7	-0.63456	112.69	0.17201	supercritical
298.15	299.05	28.989	0.034496	2.7804	13.096	117.54	27.167	38.337	1388.6	-0.63442	112.99	0.17236	supercritical
298.15	300.05	29.015	0.034465	2.7795	13.121	117.50	27.180	38.342	1390.6	-0.63427	113.29	0.17272	supercritical
298.15	301.05	29.041	0.034434	2.7786	13.145	117.47	27.192	38.347	1392.6	-0.63412	113.59	0.17308	supercritical
298.15	302.05	29.067	0.034403	2.7778	13.169	117.44	27.205	38.352	1394.5	-0.63398	113.88	0.17343	supercritical
298.15	303.05	29.093	0.034372	2.7770	13.194	117.40	27.217	38.357	1396.5	-0.63383	114.18	0.17379	supercritical
298.15	304.05	29.119	0.034342	2.7761	13.218	117.37	27.229	38.362	1398.4	-0.63368	114.48	0.17414	supercritical
298.15	305.05	29.144	0.034312	2.7753	13.242	117.34	27.242	38.367	1400.4	-0.63352	114.78	0.17450	supercritical
298.15	306.05	29.170	0.034282	2.7745	13.266	117.30	27.254	38.372	1402.3	-0.63337	115.08	0.17485	supercritical
298.15	307.05	29.196	0.034252	2.7738	13.291	117.27	27.266	38.377	1404.3	-0.63322	115.37	0.17521	supercritical
298.15	308.05	29.221	0.034222	2.7730	13.315	117.23	27.279	38.382	1406.2	-0.63306	115.67	0.17556	supercritical
298.15	309.05	29.246	0.034192	2.7722	13.339	117.20	27.291	38.387	1408.1	-0.63291	115.97	0.17591	supercritical
298.15	310.05	29.272	0.034163	2.7715	13.364	117.17	27.303	38.392	1410.1	-0.63275	116.27	0.17626	supercritical
298.15	311.05	29.297	0.034133	2.7708	13.388	117.14	27.315	38.397	1412.0	-0.63259	116.57	0.17661	supercritical
298.15	312.05	29.322	0.034104	2.7701	13.412	117.10	27.327	38.403	1413.9	-0.63243	116.86	0.17696	supercritical
298.15	313.05	29.347	0.034075	2.7693	13.437	117.07	27.340	38.408	1415.8	-0.63228	117.16	0.17731	supercritical
298.15	314.05	29.372	0.034046	2.7687	13.461	117.04	27.352	38.413	1417.7	-0.63211	117.46	0.17766	supercritical
298.15	315.05	29.397	0.034017	2.7680	13.485	117.00	27.364	38.418	1419.6	-0.63195	117.76	0.17801	supercritical
298.15	316.05	29.422	0.033988	2.7673	13.509	116.97	27.376	38.423	1421.5	-0.63179	118.06	0.17836	supercritical
298.15	317.05	29.447	0.033960	2.7667	13.534	116.94	27.388	38.428	1423.4	-0.63163	118.36	0.17871	supercritical
298.15	318.05	29.471	0.033931	2.7660	13.558	116.91	27.400	38.434	1425.3	-0.63146	118.65	0.17906	supercritical
298.15	319.05	29.496	0.033903	2.7654	13.582	116.87	27.412	38.439	1427.2	-0.63130	118.95	0.17940	supercritical
298.15	320.05	29.520	0.033875	2.7648	13.606	116.84	27.424	38.444	1429.1	-0.63113	119.25	0.17975	supercritical
298.15	321.05	29.545	0.033847	2.7642	13.631	116.81	27.436	38.449	1430.9	-0.63097	119.55	0.18009	supercritical
298.15	322.05	29.569	0.033819	2.7636	13.655	116.78	27.448	38.454	1432.8	-0.63080	119.85	0.18044	supercritical
298.15	323.05	29.594	0.033791	2.7630	13.679	116.75	27.460	38.460	1434.7	-0.63063	120.15	0.18078	supercritical
298.15	324.05	29.618	0.033763	2.7624	13.703	116.71	27.472	38.465	1436.5	-0.63046	120.44	0.18113	supercritical
298.15	325.05	29.642	0.033736	2.7619	13.728	116.68	27.484	38.470	1438.4	-0.63029	120.74	0.18147	supercritical
298.15	326.05	29.666	0.033708	2.7613	13.752	116.65	27.496	38.475	1440.3	-0.63012	121.04	0.18182	supercritical
298.15	327.05	29.690	0.033681	2.7608	13.776	116.62	27.508	38.481	1442.1	-0.62995	121.34	0.18216	supercritical
298.15	328.05	29.714	0.033654	2.7602	13.800	116.59	27.520	38.486	1444.0	-0.62978	121.64	0.18250	supercritical
298.15	329.05	29.738	0.033627	2.7597	13.825	116.56	27.531	38.491	1445.8	-0.62961	121.94	0.18284	supercritical
298.15	330.05	29.762	0.033600	2.7592	13.849	116.52	27.543	38.497	1447.7	-0.62944	122.23	0.18318	supercritical
298.15	331.05	29.786	0.033573	2.7587	13.873	116.49	27.555	38.502	1449.5	-0.62926	122.53	0.18352	supercritical
298.15	332.05	29.809	0.033547	2.7582	13.897	116.46	27.567	38.507	1451.3	-0.62909	122.83	0.18386	supercritical
298.15	333.05	29.833	0.033520	2.7578	13.922	116.43	27.578	38.513	1453.2	-0.62891	123.13	0.18420	supercritical
298.15	334.05	29.857	0.033493	2.7573	13.946	116.40	27.590	38.518	1455.0	-0.62874	123.43	0.18454	supercritical
298.15	335.05	29.880	0.033467	2.7569	13.970	116.37	27.602	38.523	1456.8	-0.62856	123.73	0.18488	supercritical
298.15	336.05	29.904	0.033441	2.7564	13.994	116.34	27.614	38.529	1458.6	-0.62838	124.03	0.18522	supercritical
298.15	337.05	29.927	0.033415	2.7560	14.018	116.31	27.625	38.534	1460.4	-0.62821	124.32	0.18556	supercritical
298.15	338.05	29.950	0.033389	2.7556	14.043	116.27	27.637	38.539	1462.2	-0.62803	124.62	0.18589	supercritical
298.15	339.05	29.973	0.033363	2.7552	14.067	116.24	27.649	38.545	1464.1	-0.62785	124.92	0.18623	supercritical
298.15	340.05	29.997	0.033337	2.7548	14.091	116.21	27.660	38.550	1465.9	-0.62767	125.22	0.18657	supercritical
298.15	341.05	30.020	0.033311	2.7544	14.115	116.18	27.672	38.555	1467.7	-0.62749	125.52	0.18690	supercritical
298.15	342.05	30.043	0.033286	2.7540	14.139	116.15	27.683	38.561	1469.5	-0.62731	125.82	0.18724	supercritical
298.15	343.05	30.066	0.033260	2.7537	14.164	116.12	27.695	38.566	1471.2	-0.62713	126.12	0.18757	supercritical
298.15	344.05	30.089	0.033235	2.7533	14.188	116.09	27.706	38.572	1473.0	-0.62695	126.42	0.18791	supercritical
298.15	345.05	30.112	0.033210	2.7530	14.212	116.06	27.718	38.577	1474.8	-0.62677	126.72	0.18824	supercritical
298.15	346.05	30.134	0.033185	2.7526	14.236	116.03	27.729	38.582	1476.6	-0.62658	127.01	0.18857	supercritical
298.15	347.05	30.157	0.033160	2.7523	14.260	116.00	27.741	38.588	1478.4	-0.62640	127.31	0.18891	supercritical
298.15	348.05	30.180	0.033135	2.7520	14.285	115.97	27.752	38.593	1480.2	-0.62622	127.61	0.18924	supercritical
298.15	349.05	30.203	0.033110	2.7517	14.309	115.94	27.764	38.599	1481.9	-0.62603	127.91	0.18957	supercritical
298.15	350.05	30.225	0.033085	2.7514	14.333	115.91	27.775	38.604	1483.7	-0.62585	128.21	0.18990	supercritical
298.15	351.05	30.248	0.033060	2.7511	14.357	115.88	27.787	38.609	1485.5	-0.62566	128.51	0.19023	supercritical
298.15	352.05	30.270	0.033036	2.7508	14.381	115.85	27.798	38.615	1487.2	-0.62548	128.81	0.19056	supercritical
298.15	353.05	30.292	0.033012	2.7506	14.405	115.82	27.809	38.620	1489.0	-0.62529	129.11	0.19089	supercritical
298.15	354.05	30.315	0.032987	2.7503	14.429	115.79	27.821	38.626	1490.7	-0.62511	129.41	0.19122	supercritical
298.15	355.05	30.337	0.032963	2.7501	14.454	115.76	27.832	38.631	1492.5	-0.62492	129.71	0.19155	supercritical
298.15	356.05	30.359	0.032939	2.7498	14.478	115.73	27.843	38.637	1494.2	-0.62473	130.01	0.19188	supercritical
298.15	357.05	30.381	0.032915	2.7496	14.502	115.70	27.855	38.642	1496.0	-0.62454	130.30	0.19221	supercritical
298.15	358.05	30.404	0.032891	2.7494	14.526	115.67	27.866	38.648	1497.7	-0.62436	130.60	0.19254	supercritical
298.15	359.05	30.426	0.032867	2.7492	14.550	115.64	27.877	38.653	1499.4	-0.62417	130.90	0.19286	supercritical
298.15	360.05	30.448	0.032843	2.7490	14.574	115.61	27.888	38.659	1501.2	-0.62398	131.20	0.19319	supercritical
298.15	361.05	30.469	0.032820	2.7488	14.598	115.59	27.900	38.664	1502.9	-0.62379	131.50	0.19352	supercritical
298.15	362.05	30.491	0.032796	2.7486	14.622	115.56	27.911	38.670	1504.6	-0.62360	131.80	0.19384	supercritical
298.15	363.05	30.513	0.032773	2.7485	14.647	115.53	27.922	38.675	1506.3	-0.62341	132.10	0.19417	supercritical
298.15	364.05	30.535	0.032749	2.7483	14.671	115.50	27.933	38.681	1508.1	-0.62322	132.40	0.19449	supercritical
298.15	365.05	30.557	0.032726	2.7481	14.695	115.47	27.944	38.686	1509.8	-0.62303	132.70	0.19482	supercritical
298.15	366.05	30.578	0.032703	2.7480	14.719	115.44	27.955	38.692	1511.5	-0.62284	133.00	0.19514	supercritical
298.15	367.05	30.600	0.032680	2.7479	14.743	115.41	27.967	38.697	1513.2	-0.62265	133.30	0.19547	supercritical
298.15	368.05	30.621	0.032657	2.7477	14.767	115.38	27.978	38.703	1514.9	-0.62245	133.60	0.19579	supercritical
298.15	369.05	30.643	0.032634	2.7476	14.791	115.35	27.989	38.708	1516.6	-0.62226	133.90	0.19611	supercritical
298.15	370.05	30.664	0.032611	2.7475	14.815	115.33	28.000	38.714	1518.3	-0.62207	134.20	0.19643	supercritical
298.15	371.05	30.686	0.032588	2.7474	14.839	115.30	28.011	38.719	1520.0	-0.62188	134.50	0.19676	supercritical
298.15	372.05	30.707	0.032566	2.7473	14.863	115.27	28.022	38.725	1521.7	-0.62169	134.80	0.19708	supercritical
298.15	373.05	30.728	0.032543	2.7472	14.888	115.24	28.033	38.730	1523.4	-0.62149	135.10	0.19740	supercritical
298.15	374.05	30.750	0.032521	2.7472	14.912	115.21	28.044	38.736	1525.1	-0.62130	135.40	0.19772	supercritical
298.15	375.05	30.771	0.032498	2.7471	14.936	115.18	28.055	38.741	1526.8	-0.62110	135.70	0.19804	supercritical
298.15	376.05	30.792	0.032476	2.7471	14.960	115.15	28.066	38.747	1528.4	-0.62091	136.00	0.19836	supercritical
298.15	377.05	30.813	0.032454	2.7470	14.984	115.13	28.077	38.753	1530.1	-0.62072	136.30	0.19868	supercritical
298.15	378.05	30.834	0.032432	2.7470	15.008	115.10	28.088	38.758	1531.8	-0.62052	136.60	0.19900	supercritical
298.15	379.05	30.855	0.032410	2.7469	15.032	115.07	28.099	38.764	1533.5	-0.62033	136.90	0.19932	supercritical
298.15	380.05	30.876	0.032388	2.7469	15.056	115.04	28.109	38.769	1535.1	-0.62013	137.20	0.19963	supercritical
298.15	381.05	30.897	0.032366	2.7469	15.080	115.01	28.120	38.775	1536.8	-0.61994	137.50	0.19995	supercritical
298.15	382.05	30.918	0.032344	2.7469	15.104	114.99	28.131	38.780	1538.4	-0.61974	137.80	0.20027	supercritical
298.15	383.05	30.938	0.032322	2.7469	15.128	114.96	28.142	38.786	1540.1	-0.61954	138.10	0.20059	supercritical
298.15	384.05	30.959	0.032301	2.7469	15.152	114.93	28.153	38.792	1541.8	-0.61935	138.40	0.20090	supercritical
298.15	385.05	30.980	0.032279	2.7469	15.176	114.90	28.164	38.797	1543.4	-0.61915	138.70	0.20122	supercritical
298.15	386.05	31.000	0.032258	2.7470	15.200	114.88	28.174	38.803	1545.1	-0.61896	139.00	0.20153	supercritical
298.15	387.05	31.021	0.032236	2.7470	15.224	114.85	28.185	38.808	1546.7	-0.61876	139.30	0.20185	supercritical
298.15	388.05	31.041	0.032215	2.7471	15.248	114.82	28.196	38.814	1548.4	-0.61856	139.60	0.20216	supercritical
298.15	389.05	31.062	0.032194	2.7471	15.272	114.79	28.207	38.820	1550.0	-0.61836	139.90	0.20248	supercritical
298.15	390.05	31.082	0.032173	2.7472	15.296	114.77	28.217	38.825	1551.6	-0.61817	140.20	0.20279	supercritical
298.15	391.05	31.103	0.032152	2.7472	15.320	114.74	28.228	38.831	1553.3	-0.61797	140.50	0.20311	supercritical
298.15	392.05	31.123	0.032131	2.7473	15.344	114.71	28.239	38.836	1554.9	-0.61777	140.81	0.20342	supercritical
298.15	393.05	31.143	0.032110	2.7474	15.368	114.68	28.250	38.842	1556.5	-0.61757	141.11	0.20373	supercritical
298.15	394.05	31.164	0.032089	2.7475	15.392	114.66	28.260	38.848	1558.2	-0.61738	141.41	0.20404	supercritical
298.15	395.05	31.184	0.032068	2.7476	15.416	114.63	28.271	38.853	1559.8	-0.61718	141.71	0.20436	supercritical
298.15	396.05	31.204	0.032047	2.7477	15.440	114.60	28.281	38.859	1561.4	-0.61698	142.01	0.20467	supercritical
298.15	397.05	31.224	0.032027	2.7478	15.464	114.57	28.292	38.864	1563.0	-0.61678	142.31	0.20498	supercritical
298.15	398.05	31.244	0.032006	2.7479	15.488	114.55	28.303	38.870	1564.6	-0.61658	142.61	0.20529	supercritical
298.15	399.05	31.264	0.031986	2.7481	15.512	114.52	28.313	38.876	1566.2	-0.61638	142.91	0.20560	supercritical
298.15	400.05	31.284	0.031965	2.7482	15.536	114.49	28.324	38.881	1567.8	-0.61618	143.21	0.20591	supercritical
298.15	401.05	31.304	0.031945	2.7483	15.560	114.47	28.334	38.887	1569.5	-0.61598	143.51	0.20622	supercritical
298.15	402.05	31.324	0.031925	2.7485	15.584	114.44	28.345	38.893	1571.1	-0.61578	143.82	0.20653	supercritical
298.15	403.05	31.344	0.031904	2.7487	15.608	114.41	28.355	38.898	1572.7	-0.61558	144.12	0.20684	supercritical
298.15	404.05	31.363	0.031884	2.7488	15.632	114.39	28.366	38.904	1574.3	-0.61538	144.42	0.20714	supercritical
298.15	405.05	31.383	0.031864	2.7490	15.656	114.36	28.376	38.910	1575.8	-0.61518	144.72	0.20745	supercritical
298.15	406.05	31.403	0.031844	2.7492	15.680	114.33	28.387	38.915	1577.4	-0.61498	145.02	0.20776	supercritical
298.15	407.05	31.422	0.031824	2.7494	15.704	114.31	28.397	38.921	1579.0	-0.61478	145.32	0.20807	supercritical
298.15	408.05	31.442	0.031805	2.7496	15.727	114.28	28.408	38.927	1580.6	-0.61458	145.62	0.20837	supercritical
298.15	409.05	31.462	0.031785	2.7498	15.751	114.25	28.418	38.932	1582.2	-0.61438	145.93	0.20868	supercritical
298.15	410.05	31.481	0.031765	2.7500	15.775	114.23	28.429	38.938	1583.8	-0.61418	146.23	0.20899	supercritical
298.15	411.05	31.501	0.031745	2.7502	15.799	114.20	28.439	38.943	1585.4	-0.61398	146.53	0.20929	supercritical
298.15	412.05	31.520	0.031726	2.7504	15.823	114.18	28.450	38.949	1586.9	-0.61378	146.83	0.20960	supercritical
298.15	413.05	31.539	0.031706	2.7507	15.847	114.15	28.460	38.955	1588.5	-0.61358	147.13	0.20990	supercritical
298.15	414.05	31.559	0.031687	2.7509	15.871	114.12	28.470	38.960	1590.1	-0.61338	147.44	0.21021	supercritical
298.15	415.05	31.578	0.031668	2.7511	15.895	114.10	28.481	38.966	1591.6	-0.61318	147.74	0.21051	supercritical
298.15	416.05	31.597	0.031648	2.7514	15.919	114.07	28.491	38.972	1593.2	-0.61298	148.04	0.21081	supercritical
298.15	417.05	31.616	0.031629	2.7517	15.943	114.04	28.501	38.977	1594.8	-0.61278	148.34	0.21112	supercritical
298.15	418.05	31.636	0.031610	2.7519	15.966	114.02	28.512	38.983	1596.3	-0.61258	148.64	0.21142	supercritical
298.15	419.05	31.655	0.031591	2.7522	15.990	113.99	28.522	38.989	1597.9	-0.61237	148.95	0.21172	supercritical
298.15	420.05	31.674	0.031572	2.7525	16.014	113.97	28.532	38.994	1599.4	-0.61217	149.25	0.21203	supercritical
298.15	421.05	31.693	0.031553	2.7528	16.038	113.94	28.542	39.000	1601.0	-0.61197	149.55	0.21233	supercritical
298.15	422.05	31.712	0.031534	2.7531	16.062	113.92	28.553	39.006	1602.5	-0.61177	149.85	0.21263	supercritical
298.15	423.05	31.731	0.031515	2.7534	16.086	113.89	28.563	39.011	1604.1	-0.61157	150.16	0.21293	supercritical
298.15	424.05	31.750	0.031496	2.7537	16.110	113.86	28.573	39.017	1605.6	-0.61137	150.46	0.21323	supercritical
298.15	425.05	31.769	0.031478	2.7540	16.134	113.84	28.583	39.023	1607.2	-0.61117	150.76	0.21353	supercritical
298.15	426.05	31.788	0.031459	2.7543	16.157	113.81	28.593	39.029	1608.7	-0.61096	151.06	0.21383	supercritical
298.15	427.05	31.806	0.031440	2.7546	16.181	113.79	28.604	39.034	1610.3	-0.61076	151.37	0.21413	supercritical
298.15	428.05	31.825	0.031422	2.7550	16.205	113.76	28.614	39.040	1611.8	-0.61056	151.67	0.21443	supercritical
298.15	429.05	31.844	0.031403	2.7553	16.229	113.74	28.624	39.046	1613.3	-0.61036	151.97	0.21473	supercritical
298.15	430.05	31.863	0.031385	2.7557	16.253	113.71	28.634	39.051	1614.8	-0.61016	152.27	0.21503	supercritical
298.15	431.05	31.881	0.031366	2.7560	16.277	113.69	28.644	39.057	1616.4	-0.60995	152.58	0.21533	supercritical
298.15	432.05	31.900	0.031348	2.7564	16.300	113.66	28.654	39.063	1617.9	-0.60975	152.88	0.21562	supercritical
298.15	433.05	31.918	0.031330	2.7567	16.324	113.64	28.664	39.068	1619.4	-0.60955	153.18	0.21592	supercritical
298.15	434.05	31.937	0.031312	2.7571	16.348	113.61	28.674	39.074	1620.9	-0.60935	153.49	0.21622	supercritical
298.15	435.05	31.955	0.031294	2.7575	16.372	113.59	28.684	39.080	1622.5	-0.60914	153.79	0.21652	supercritical
298.15	436.05	31.974	0.031276	2.7579	16.396	113.56	28.695	39.085	1624.0	-0.60894	154.09	0.21681	supercritical
298.15	437.05	31.992	0.031258	2.7583	16.419	113.54	28.705	39.091	1625.5	-0.60874	154.39	0.21711	supercritical
298.15	438.05	32.011	0.031240	2.7587	16.443	113.51	28.715	39.097	1627.0	-0.60854	154.70	0.21740	supercritical
298.15	439.05	32.029	0.031222	2.7591	16.467	113.49	28.725	39.103	1628.5	-0.60834	155.00	0.21770	supercritical
298.15	440.05	32.047	0.031204	2.7595	16.491	113.46	28.735	39.108	1630.0	-0.60813	155.30	0.21799	supercritical
298.15	441.05	32.066	0.031186	2.7599	16.515	113.44	28.745	39.114	1631.5	-0.60793	155.61	0.21829	supercritical
298.15	442.05	32.084	0.031168	2.7603	16.538	113.41	28.755	39.120	1633.0	-0.60773	155.91	0.21858	supercritical
298.15	443.05	32.102	0.031151	2.7608	16.562	113.39	28.764	39.125	1634.5	-0.60753	156.22	0.21888	supercritical
298.15	444.05	32.120	0.031133	2.7612	16.586	113.36	28.774	39.131	1636.0	-0.60732	156.52	0.21917	supercritical
298.15	445.05	32.138	0.031116	2.7616	16.610	113.34	28.784	39.137	1637.5	-0.60712	156.82	0.21946	supercritical
298.15	446.05	32.156	0.031098	2.7621	16.633	113.31	28.794	39.142	1639.0	-0.60692	157.13	0.21976	supercritical
298.15	447.05	32.174	0.031081	2.7625	16.657	113.29	28.804	39.148	1640.5	-0.60672	157.43	0.22005	supercritical
298.15	448.05	32.192	0.031063	2.7630	16.681	113.26	28.814	39.154	1642.0	-0.60651	157.73	0.22034	supercritical
298.15	449.05	32.210	0.031046	2.7635	16.705	113.24	28.824	39.160	1643.4	-0.60631	158.04	0.22063	supercritical
298.15	450.05	32.228	0.031029	2.7639	16.728	113.21	28.834	39.165	1644.9	-0.60611	158.34	0.22093	supercritical
298.15	451.05	32.246	0.031011	2.7644	16.752	113.19	28.844	39.171	1646.4	-0.60591	158.65	0.22122	supercritical
298.15	452.05	32.264	0.030994	2.7649	16.776	113.16	28.853	39.177	1647.9	-0.60571	158.95	0.22151	supercritical
298.15	453.05	32.282	0.030977	2.7654	16.800	113.14	28.863	39.182	1649.3	-0.60550	159.25	0.22180	supercritical
298.15	454.05	32.300	0.030960	2.7659	16.823	113.12	28.873	39.188	1650.8	-0.60530	159.56	0.22209	supercritical
298.15	455.05	32.317	0.030943	2.7664	16.847	113.09	28.883	39.194	1652.3	-0.60510	159.86	0.22238	supercritical
298.15	456.05	32.335	0.030926	2.7669	16.871	113.07	28.893	39.200	1653.8	-0.60490	160.17	0.22267	supercritical
298.15	457.05	32.353	0.030909	2.7674	16.894	113.04	28.902	39.205	1655.2	-0.60469	160.47	0.22296	supercritical
298.15	458.05	32.371	0.030892	2.7679	16.918	113.02	28.912	39.211	1656.7	-0.60449	160.78	0.22325	supercritical
298.15	459.05	32.388	0.030875	2.7684	16.942	113.00	28.922	39.217	1658.1	-0.60429	161.08	0.22354	supercritical
298.15	460.05	32.406	0.030859	2.7690	16.966	112.97	28.932	39.222	1659.6	-0.60409	161.39	0.22382	supercritical
298.15	461.05	32.423	0.030842	2.7695	16.989	112.95	28.941	39.228	1661.1	-0.60389	161.69	0.22411	supercritical
298.15	462.05	32.441	0.030825	2.7700	17.013	112.92	28.951	39.234	1662.5	-0.60368	162.00	0.22440	supercritical
298.15	463.05	32.458	0.030809	2.7706	17.037	112.90	28.961	39.240	1664.0	-0.60348	162.30	0.22469	supercritical
298.15	464.05	32.476	0.030792	2.7711	17.060	112.88	28.970	39.245	1665.4	-0.60328	162.60	0.22497	supercritical
298.15	465.05	32.493	0.030776	2.7717	17.084	112.85	28.980	39.251	1666.9	-0.60308	162.91	0.22526	supercritical
298.15	466.05	32.511	0.030759	2.7723	17.108	112.83	28.990	39.257	1668.3	-0.60288	163.21	0.22555	supercritical
298.15	467.05	32.528	0.030743	2.7728	17.131	112.80	28.999	39.262	1669.7	-0.60267	163.52	0.22583	supercritical
298.15	468.05	32.545	0.030726	2.7734	17.155	112.78	29.009	39.268	1671.2	-0.60247	163.83	0.22612	supercritical
298.15	469.05	32.563	0.030710	2.7740	17.179	112.76	29.019	39.274	1672.6	-0.60227	164.13	0.22640	supercritical
298.15	470.05	32.580	0.030694	2.7746	17.202	112.73	29.028	39.280	1674.1	-0.60207	164.44	0.22669	supercritical
298.15	471.05	32.597	0.030678	2.7752	17.226	112.71	29.038	39.285	1675.5	-0.60187	164.74	0.22697	supercritical
298.15	472.05	32.614	0.030661	2.7758	17.250	112.69	29.047	39.291	1676.9	-0.60166	165.05	0.22726	supercritical
298.15	473.05	32.631	0.030645	2.7764	17.273	112.66	29.057	39.297	1678.4	-0.60146	165.35	0.22754	supercritical
298.15	474.05	32.648	0.030629	2.7770	17.297	112.64	29.067	39.302	1679.8	-0.60126	165.66	0.22783	supercritical
298.15	475.05	32.666	0.030613	2.7776	17.320	112.62	29.076	39.308	1681.2	-0.60106	165.96	0.22811	supercritical
298.15	476.05	32.683	0.030597	2.7782	17.344	112.59	29.086	39.314	1682.6	-0.60086	166.27	0.22839	supercritical
298.15	477.05	32.700	0.030581	2.7788	17.368	112.57	29.095	39.320	1684.1	-0.60066	166.57	0.22868	supercritical
298.15	478.05	32.717	0.030565	2.7794	17.391	112.55	29.105	39.325	1685.5	-0.60046	166.88	0.22896	supercritical
298.15	479.05	32.734	0.030550	2.7801	17.415	112.52	29.114	39.331	1686.9	-0.60025	167.19	0.22924	supercritical
298.15	480.05	32.751	0.030534	2.7807	17.438	112.50	29.124	39.337	1688.3	-0.60005	167.49	0.22952	supercritical
298.15	481.05	32.767	0.030518	2.7814	17.462	112.48	29.133	39.342	1689.7	-0.59985	167.80	0.22981	supercritical
298.15	482.05	32.784	0.030502	2.7820	17.486	112.45	29.143	39.348	1691.1	-0.59965	168.10	0.23009	supercritical
298.15	483.05	32.801	0.030487	2.7827	17.509	112.43	29.152	39.354	1692.5	-0.59945	168.41	0.23037	supercritical
298.15	484.05	32.818	0.030471	2.7833	17.533	112.41	29.162	39.360	1693.9	-0.59925	168.72	0.23065	supercritical
298.15	485.05	32.835	0.030456	2.7840	17.556	112.38	29.171	39.365	1695.4	-0.59905	169.02	0.23093	supercritical
298.15	486.05	32.851	0.030440	2.7847	17.580	112.36	29.180	39.371	1696.8	-0.59885	169.33	0.23121	supercritical
298.15	487.05	32.868	0.030425	2.7853	17.604	112.34	29.190	39.377	1698.2	-0.59865	169.64	0.23149	supercritical
298.15	488.05	32.885	0.030409	2.7860	17.627	112.31	29.199	39.382	1699.6	-0.59844	169.94	0.23177	supercritical
298.15	489.05	32.902	0.030394	2.7867	17.651	112.29	29.209	39.388	1701.0	-0.59824	170.25	0.23205	supercritical
298.15	490.05	32.918	0.030378	2.7874	17.674	112.27	29.218	39.394	1702.4	-0.59804	170.56	0.23233	supercritical
298.15	491.05	32.935	0.030363	2.7881	17.698	112.25	29.227	39.400	1703.7	-0.59784	170.86	0.23261	supercritical
298.15	492.05	32.951	0.030348	2.7888	17.721	112.22	29.237	39.405	1705.1	-0.59764	171.17	0.23288	supercritical
298.15	493.05	32.968	0.030333	2.7895	17.745	112.20	29.246	39.411	1706.5	-0.59744	171.48	0.23316	supercritical
298.15	494.05	32.984	0.030317	2.7902	17.769	112.18	29.255	39.417	1707.9	-0.59724	171.78	0.23344	supercritical
298.15	495.05	33.001	0.030302	2.7909	17.792	112.15	29.265	39.422	1709.3	-0.59704	172.09	0.23372	supercritical
298.15	496.05	33.017	0.030287	2.7916	17.816	112.13	29.274	39.428	1710.7	-0.59684	172.40	0.23400	supercritical
298.15	497.05	33.034	0.030272	2.7923	17.839	112.11	29.283	39.434	1712.1	-0.59664	172.70	0.23427	supercritical
298.15	498.05	33.050	0.030257	2.7931	17.863	112.09	29.292	39.440	1713.4	-0.59644	173.01	0.23455	supercritical
298.15	499.05	33.066	0.030242	2.7938	17.886	112.06	29.302	39.445	1714.8	-0.59624	173.32	0.23483	supercritical
298.15	500.05	33.083	0.030227	2.7945	17.910	112.04	29.311	39.451	1716.2	-0.59604	173.63	0.23510	supercritical
