Temperature (K)	Pressure (MPa)	Density (mol/l)	Volume (l/mol)	Internal Energy (kJ/mol)	Enthalpy (kJ/mol)	Entropy (J/mol*K)	Cv (J/mol*K)	Cp (J/mol*K)	Sound Spd. (m/s)	Joule-Thomson (K/MPa)	Viscosity (uPa*s)	Therm. Cond. (W/m*K)	Phase
900.00	0.050000	0.0066805	149.69	19.409	26.894	230.52	23.778	32.094	600.56	-0.50793	38.829	0.060661	vapor
900.00	1.0500	0.13977	7.1544	19.398	26.910	205.19	23.788	32.129	602.99	-0.51375	38.881	0.060774	vapor
900.00	2.0500	0.27189	3.6780	19.387	26.927	199.62	23.798	32.163	605.42	-0.51939	38.933	0.060893	vapor
900.00	3.0500	0.40302	2.4812	19.376	26.943	196.30	23.808	32.197	607.86	-0.52485	38.986	0.061018	vapor
900.00	4.0500	0.53319	1.8755	19.365	26.960	193.93	23.818	32.230	610.31	-0.53016	39.039	0.061148	vapor
900.00	4.0500	0.53319	1.8755	19.365	26.960	193.93	23.818	32.230	610.31	-0.53016	39.039	0.061148	supercritical
900.00	4.0500	0.53319	1.8755	19.365	26.960	193.93	23.818	32.230	610.31	-0.53016	39.039	0.061148	supercritical
900.00	5.0500	0.66240	1.5097	19.354	26.978	192.09	23.827	32.262	612.76	-0.53532	39.093	0.061283	supercritical
900.00	6.0500	0.79065	1.2648	19.343	26.995	190.57	23.837	32.294	615.21	-0.54033	39.147	0.061423	supercritical
900.00	7.0500	0.91796	1.0894	19.332	27.012	189.29	23.847	32.326	617.68	-0.54521	39.202	0.061567	supercritical
900.00	8.0500	1.0443	0.95756	19.322	27.030	188.18	23.856	32.357	620.14	-0.54996	39.258	0.061715	supercritical
900.00	9.0500	1.1698	0.85488	19.311	27.048	187.19	23.866	32.388	622.61	-0.55460	39.314	0.061866	supercritical
900.00	10.050	1.2943	0.77264	19.301	27.066	186.31	23.876	32.418	625.09	-0.55912	39.370	0.062020	supercritical
900.00	11.050	1.4178	0.70529	19.291	27.084	185.51	23.885	32.447	627.56	-0.56353	39.427	0.062177	supercritical
900.00	12.050	1.5405	0.64913	19.281	27.103	184.78	23.895	32.476	630.04	-0.56783	39.484	0.062336	supercritical
900.00	13.050	1.6623	0.60158	19.271	27.121	184.10	23.904	32.505	632.53	-0.57204	39.542	0.062498	supercritical
900.00	14.050	1.7832	0.56080	19.261	27.140	183.48	23.914	32.533	635.01	-0.57616	39.601	0.062662	supercritical
900.00	15.050	1.9032	0.52544	19.251	27.159	182.90	23.923	32.561	637.50	-0.58018	39.660	0.062828	supercritical
900.00	16.050	2.0223	0.49449	19.241	27.178	182.35	23.933	32.589	639.99	-0.58412	39.719	0.062996	supercritical
900.00	17.050	2.1405	0.46718	19.231	27.197	181.84	23.942	32.616	642.49	-0.58797	39.779	0.063165	supercritical
900.00	18.050	2.2579	0.44289	19.222	27.216	181.36	23.952	32.642	644.98	-0.59174	39.839	0.063335	supercritical
900.00	19.050	2.3744	0.42116	19.212	27.235	180.90	23.961	32.668	647.48	-0.59544	39.900	0.063507	supercritical
900.00	20.050	2.4901	0.40159	19.203	27.255	180.46	23.970	32.694	649.98	-0.59906	39.961	0.063680	supercritical
900.00	21.050	2.6049	0.38389	19.194	27.274	180.05	23.980	32.719	652.48	-0.60261	40.023	0.063854	supercritical
900.00	22.050	2.7189	0.36780	19.184	27.294	179.65	23.989	32.744	654.98	-0.60608	40.086	0.064029	supercritical
900.00	23.050	2.8321	0.35310	19.175	27.314	179.27	23.998	32.769	657.49	-0.60949	40.148	0.064204	supercritical
900.00	24.050	2.9444	0.33963	19.166	27.334	178.91	24.007	32.793	659.99	-0.61284	40.212	0.064381	supercritical
900.00	25.050	3.0560	0.32723	19.157	27.354	178.56	24.017	32.817	662.49	-0.61612	40.275	0.064558	supercritical
900.00	26.050	3.1667	0.31579	19.148	27.375	178.23	24.026	32.840	665.00	-0.61933	40.339	0.064735	supercritical
900.00	27.050	3.2766	0.30519	19.140	27.395	177.91	24.035	32.864	667.50	-0.62249	40.404	0.064913	supercritical
900.00	28.050	3.3858	0.29535	19.131	27.416	177.60	24.044	32.886	670.01	-0.62558	40.469	0.065092	supercritical
900.00	29.050	3.4942	0.28619	19.122	27.436	177.30	24.053	32.909	672.52	-0.62862	40.534	0.065270	supercritical
900.00	30.050	3.6018	0.27764	19.114	27.457	177.01	24.062	32.931	675.02	-0.63160	40.600	0.065450	supercritical
900.00	31.050	3.7086	0.26964	19.105	27.478	176.72	24.071	32.953	677.53	-0.63453	40.667	0.065629	supercritical
900.00	32.050	3.8147	0.26215	19.097	27.499	176.45	24.080	32.974	680.04	-0.63740	40.733	0.065809	supercritical
900.00	33.050	3.9200	0.25510	19.089	27.520	176.19	24.089	32.995	682.54	-0.64022	40.801	0.065989	supercritical
900.00	34.050	4.0246	0.24847	19.080	27.541	175.93	24.098	33.016	685.05	-0.64299	40.868	0.066169	supercritical
900.00	35.050	4.1284	0.24222	19.072	27.562	175.68	24.107	33.036	687.55	-0.64570	40.936	0.066349	supercritical
900.00	36.050	4.2316	0.23632	19.064	27.584	175.44	24.116	33.057	690.06	-0.64837	41.004	0.066530	supercritical
900.00	37.050	4.3339	0.23074	19.056	27.605	175.21	24.125	33.076	692.56	-0.65099	41.073	0.066710	supercritical
900.00	38.050	4.4356	0.22545	19.048	27.627	174.98	24.134	33.096	695.07	-0.65355	41.142	0.066891	supercritical
900.00	39.050	4.5366	0.22043	19.041	27.648	174.75	24.143	33.115	697.57	-0.65608	41.212	0.067072	supercritical
900.00	40.050	4.6369	0.21566	19.033	27.670	174.53	24.151	33.134	700.07	-0.65855	41.282	0.067253	supercritical
900.00	41.050	4.7365	0.21113	19.025	27.692	174.32	24.160	33.153	702.57	-0.66099	41.352	0.067434	supercritical
900.00	42.050	4.8354	0.20681	19.018	27.714	174.11	24.169	33.171	705.07	-0.66337	41.423	0.067615	supercritical
900.00	43.050	4.9336	0.20269	19.010	27.736	173.91	24.178	33.190	707.57	-0.66572	41.494	0.067796	supercritical
900.00	44.050	5.0311	0.19876	19.003	27.758	173.71	24.186	33.208	710.06	-0.66802	41.565	0.067977	supercritical
900.00	45.050	5.1280	0.19501	18.995	27.780	173.52	24.195	33.225	712.56	-0.67027	41.637	0.068159	supercritical
900.00	46.050	5.2242	0.19142	18.988	27.803	173.33	24.204	33.243	715.05	-0.67249	41.709	0.068340	supercritical
900.00	47.050	5.3198	0.18798	18.981	27.825	173.14	24.212	33.260	717.55	-0.67467	41.782	0.068521	supercritical
900.00	48.050	5.4147	0.18468	18.974	27.848	172.96	24.221	33.277	720.04	-0.67680	41.854	0.068703	supercritical
900.00	49.050	5.5090	0.18152	18.967	27.870	172.78	24.230	33.293	722.52	-0.67890	41.928	0.068884	supercritical
900.00	50.050	5.6026	0.17849	18.959	27.893	172.61	24.238	33.310	725.01	-0.68096	42.001	0.069066	supercritical
900.00	51.050	5.6956	0.17557	18.953	27.916	172.44	24.247	33.326	727.50	-0.68298	42.075	0.069247	supercritical
900.00	52.050	5.7880	0.17277	18.946	27.938	172.27	24.255	33.342	729.98	-0.68496	42.149	0.069429	supercritical
900.00	53.050	5.8798	0.17007	18.939	27.961	172.10	24.264	33.358	732.46	-0.68691	42.223	0.069610	supercritical
900.00	54.050	5.9710	0.16748	18.932	27.984	171.94	24.272	33.373	734.94	-0.68881	42.298	0.069792	supercritical
900.00	55.050	6.0616	0.16497	18.925	28.007	171.78	24.281	33.389	737.42	-0.69069	42.373	0.069974	supercritical
900.00	56.050	6.1515	0.16256	18.919	28.030	171.63	24.289	33.404	739.89	-0.69253	42.448	0.070155	supercritical
900.00	57.050	6.2409	0.16023	18.912	28.053	171.47	24.298	33.419	742.36	-0.69433	42.524	0.070337	supercritical
900.00	58.050	6.3297	0.15799	18.906	28.077	171.32	24.306	33.434	744.83	-0.69610	42.600	0.070519	supercritical
900.00	59.050	6.4179	0.15581	18.899	28.100	171.17	24.314	33.448	747.30	-0.69784	42.676	0.070701	supercritical
900.00	60.050	6.5056	0.15371	18.893	28.123	171.03	24.323	33.462	749.76	-0.69954	42.753	0.070883	supercritical
900.00	61.050	6.5927	0.15168	18.887	28.147	170.88	24.331	33.476	752.23	-0.70121	42.829	0.071065	supercritical
900.00	62.050	6.6792	0.14972	18.880	28.170	170.74	24.339	33.490	754.68	-0.70285	42.906	0.071247	supercritical
900.00	63.050	6.7651	0.14782	18.874	28.194	170.60	24.348	33.504	757.14	-0.70446	42.984	0.071429	supercritical
900.00	64.050	6.8506	0.14597	18.868	28.218	170.47	24.356	33.518	759.60	-0.70604	43.061	0.071611	supercritical
900.00	65.050	6.9354	0.14419	18.862	28.241	170.33	24.364	33.531	762.05	-0.70758	43.139	0.071793	supercritical
900.00	66.050	7.0198	0.14246	18.856	28.265	170.20	24.372	33.544	764.49	-0.70910	43.217	0.071975	supercritical
900.00	67.050	7.1036	0.14077	18.850	28.289	170.07	24.381	33.558	766.94	-0.71059	43.295	0.072158	supercritical
900.00	68.050	7.1868	0.13914	18.844	28.313	169.94	24.389	33.570	769.38	-0.71205	43.374	0.072340	supercritical
900.00	69.050	7.2696	0.13756	18.838	28.337	169.81	24.397	33.583	771.82	-0.71348	43.453	0.072523	supercritical
900.00	70.050	7.3518	0.13602	18.832	28.361	169.69	24.405	33.596	774.26	-0.71488	43.532	0.072705	supercritical
900.00	71.050	7.4335	0.13453	18.827	28.385	169.56	24.413	33.608	776.69	-0.71626	43.611	0.072888	supercritical
900.00	72.050	7.5147	0.13307	18.821	28.409	169.44	24.421	33.620	779.12	-0.71760	43.690	0.073071	supercritical
900.00	73.050	7.5954	0.13166	18.815	28.433	169.32	24.429	33.633	781.55	-0.71892	43.770	0.073253	supercritical
900.00	74.050	7.6756	0.13028	18.810	28.457	169.20	24.438	33.645	783.97	-0.72022	43.850	0.073436	supercritical
900.00	75.050	7.7554	0.12894	18.804	28.481	169.08	24.446	33.656	786.39	-0.72149	43.930	0.073619	supercritical
900.00	76.050	7.8346	0.12764	18.799	28.506	168.97	24.454	33.668	788.81	-0.72273	44.010	0.073802	supercritical
900.00	77.050	7.9133	0.12637	18.793	28.530	168.85	24.462	33.680	791.22	-0.72395	44.091	0.073985	supercritical
900.00	78.050	7.9916	0.12513	18.788	28.554	168.74	24.470	33.691	793.63	-0.72515	44.172	0.074168	supercritical
900.00	79.050	8.0694	0.12392	18.783	28.579	168.63	24.478	33.702	796.03	-0.72632	44.253	0.074351	supercritical
900.00	80.050	8.1467	0.12275	18.777	28.603	168.52	24.486	33.714	798.44	-0.72746	44.334	0.074535	supercritical
900.00	81.050	8.2236	0.12160	18.772	28.628	168.41	24.494	33.725	800.84	-0.72859	44.415	0.074718	supercritical
900.00	82.050	8.3000	0.12048	18.767	28.653	168.31	24.501	33.735	803.23	-0.72969	44.497	0.074902	supercritical
900.00	83.050	8.3760	0.11939	18.762	28.677	168.20	24.509	33.746	805.62	-0.73077	44.579	0.075085	supercritical
900.00	84.050	8.4515	0.11832	18.757	28.702	168.09	24.517	33.757	808.01	-0.73182	44.661	0.075269	supercritical
900.00	85.050	8.5265	0.11728	18.752	28.727	167.99	24.525	33.767	810.40	-0.73286	44.743	0.075452	supercritical
900.00	86.050	8.6012	0.11626	18.747	28.751	167.89	24.533	33.778	812.78	-0.73387	44.825	0.075636	supercritical
900.00	87.050	8.6753	0.11527	18.742	28.776	167.79	24.541	33.788	815.15	-0.73486	44.907	0.075820	supercritical
900.00	88.050	8.7491	0.11430	18.737	28.801	167.69	24.549	33.798	817.53	-0.73583	44.990	0.076004	supercritical
900.00	89.050	8.8224	0.11335	18.732	28.826	167.59	24.556	33.809	819.90	-0.73678	45.073	0.076188	supercritical
900.00	90.050	8.8953	0.11242	18.727	28.851	167.49	24.564	33.818	822.26	-0.73771	45.156	0.076372	supercritical
900.00	91.050	8.9678	0.11151	18.723	28.876	167.40	24.572	33.828	824.63	-0.73862	45.239	0.076556	supercritical
900.00	92.050	9.0399	0.11062	18.718	28.901	167.30	24.580	33.838	826.98	-0.73951	45.322	0.076740	supercritical
900.00	93.050	9.1115	0.10975	18.713	28.926	167.20	24.588	33.848	829.34	-0.74038	45.406	0.076924	supercritical
900.00	94.050	9.1827	0.10890	18.709	28.951	167.11	24.595	33.857	831.69	-0.74124	45.489	0.077108	supercritical
900.00	95.050	9.2536	0.10807	18.704	28.976	167.02	24.603	33.867	834.03	-0.74207	45.573	0.077293	supercritical
900.00	96.050	9.3240	0.10725	18.700	29.001	166.93	24.611	33.876	836.38	-0.74289	45.657	0.077477	supercritical
900.00	97.050	9.3941	0.10645	18.695	29.026	166.84	24.618	33.886	838.71	-0.74369	45.741	0.077662	supercritical
900.00	98.050	9.4637	0.10567	18.691	29.052	166.75	24.626	33.895	841.05	-0.74447	45.825	0.077846	supercritical
900.00	99.050	9.5330	0.10490	18.687	29.077	166.66	24.634	33.904	843.38	-0.74523	45.909	0.078031	supercritical
900.00	100.05	9.6019	0.10415	18.682	29.102	166.57	24.641	33.913	845.71	-0.74598	45.994	0.078216	supercritical
900.00	101.05	9.6704	0.10341	18.678	29.127	166.48	24.649	33.922	848.03	-0.74671	46.079	0.078400	supercritical
900.00	102.05	9.7385	0.10269	18.674	29.153	166.40	24.656	33.931	850.35	-0.74742	46.163	0.078585	supercritical
900.00	103.05	9.8063	0.10198	18.670	29.178	166.31	24.664	33.939	852.66	-0.74812	46.248	0.078770	supercritical
900.00	104.05	9.8736	0.10128	18.665	29.204	166.23	24.672	33.948	854.97	-0.74880	46.333	0.078955	supercritical
900.00	105.05	9.9406	0.10060	18.661	29.229	166.14	24.679	33.957	857.28	-0.74947	46.418	0.079140	supercritical
900.00	106.05	10.007	0.099927	18.657	29.254	166.06	24.687	33.965	859.58	-0.75012	46.504	0.079325	supercritical
900.00	107.05	10.074	0.099269	18.653	29.280	165.98	24.694	33.974	861.88	-0.75076	46.589	0.079510	supercritical
900.00	108.05	10.140	0.098624	18.649	29.305	165.89	24.702	33.982	864.17	-0.75138	46.674	0.079695	supercritical
900.00	109.05	10.205	0.097990	18.645	29.331	165.81	24.709	33.990	866.46	-0.75199	46.760	0.079880	supercritical
900.00	110.05	10.270	0.097368	18.641	29.357	165.73	24.717	33.998	868.75	-0.75258	46.846	0.080065	supercritical
900.00	111.05	10.335	0.096756	18.637	29.382	165.65	24.724	34.007	871.03	-0.75316	46.932	0.080250	supercritical
900.00	112.05	10.400	0.096156	18.634	29.408	165.58	24.732	34.015	873.30	-0.75373	47.018	0.080436	supercritical
900.00	113.05	10.464	0.095566	18.630	29.433	165.50	24.739	34.023	875.58	-0.75428	47.104	0.080621	supercritical
900.00	114.05	10.528	0.094986	18.626	29.459	165.42	24.746	34.031	877.85	-0.75482	47.190	0.080806	supercritical
900.00	115.05	10.591	0.094416	18.622	29.485	165.34	24.754	34.038	880.11	-0.75534	47.276	0.080992	supercritical
900.00	116.05	10.655	0.093856	18.619	29.511	165.27	24.761	34.046	882.37	-0.75586	47.363	0.081177	supercritical
900.00	117.05	10.717	0.093306	18.615	29.536	165.19	24.769	34.054	884.63	-0.75636	47.449	0.081363	supercritical
900.00	118.05	10.780	0.092764	18.611	29.562	165.12	24.776	34.062	886.88	-0.75684	47.536	0.081548	supercritical
900.00	119.05	10.842	0.092232	18.608	29.588	165.04	24.783	34.069	889.13	-0.75732	47.622	0.081734	supercritical
900.00	120.05	10.904	0.091708	18.604	29.614	164.97	24.791	34.077	891.37	-0.75778	47.709	0.081919	supercritical
900.00	121.05	10.966	0.091193	18.601	29.639	164.90	24.798	34.084	893.61	-0.75824	47.796	0.082105	supercritical
900.00	122.05	11.027	0.090686	18.597	29.665	164.82	24.805	34.092	895.84	-0.75868	47.883	0.082291	supercritical
900.00	123.05	11.088	0.090187	18.594	29.691	164.75	24.813	34.099	898.07	-0.75911	47.970	0.082476	supercritical
900.00	124.05	11.149	0.089696	18.590	29.717	164.68	24.820	34.106	900.30	-0.75952	48.057	0.082662	supercritical
900.00	125.05	11.209	0.089213	18.587	29.743	164.61	24.827	34.114	902.52	-0.75993	48.145	0.082848	supercritical
900.00	126.05	11.269	0.088738	18.584	29.769	164.54	24.834	34.121	904.74	-0.76033	48.232	0.083033	supercritical
900.00	127.05	11.329	0.088270	18.580	29.795	164.47	24.842	34.128	906.96	-0.76071	48.320	0.083219	supercritical
900.00	128.05	11.388	0.087809	18.577	29.821	164.40	24.849	34.135	909.17	-0.76109	48.407	0.083405	supercritical
900.00	129.05	11.448	0.087355	18.574	29.847	164.33	24.856	34.142	911.37	-0.76146	48.495	0.083591	supercritical
900.00	130.05	11.506	0.086908	18.571	29.873	164.27	24.863	34.149	913.57	-0.76181	48.582	0.083777	supercritical
900.00	131.05	11.565	0.086467	18.567	29.899	164.20	24.871	34.156	915.77	-0.76216	48.670	0.083963	supercritical
900.00	132.05	11.623	0.086034	18.564	29.925	164.13	24.878	34.163	917.96	-0.76249	48.758	0.084148	supercritical
900.00	133.05	11.681	0.085606	18.561	29.951	164.07	24.885	34.169	920.15	-0.76282	48.846	0.084334	supercritical
900.00	134.05	11.739	0.085185	18.558	29.977	164.00	24.892	34.176	922.34	-0.76314	48.934	0.084520	supercritical
900.00	135.05	11.797	0.084770	18.555	30.003	163.93	24.899	34.183	924.52	-0.76344	49.022	0.084706	supercritical
900.00	136.05	11.854	0.084361	18.552	30.029	163.87	24.906	34.190	926.69	-0.76374	49.111	0.084892	supercritical
900.00	137.05	11.911	0.083958	18.549	30.055	163.80	24.913	34.196	928.86	-0.76403	49.199	0.085078	supercritical
900.00	138.05	11.967	0.083560	18.546	30.082	163.74	24.921	34.203	931.03	-0.76432	49.287	0.085264	supercritical
900.00	139.05	12.024	0.083168	18.543	30.108	163.68	24.928	34.209	933.19	-0.76459	49.376	0.085450	supercritical
900.00	140.05	12.080	0.082782	18.540	30.134	163.61	24.935	34.216	935.35	-0.76485	49.464	0.085636	supercritical
900.00	141.05	12.136	0.082401	18.537	30.160	163.55	24.942	34.222	937.51	-0.76511	49.553	0.085822	supercritical
900.00	142.05	12.191	0.082025	18.535	30.186	163.49	24.949	34.229	939.66	-0.76536	49.641	0.086008	supercritical
900.00	143.05	12.247	0.081655	18.532	30.212	163.43	24.956	34.235	941.81	-0.76560	49.730	0.086194	supercritical
900.00	144.05	12.302	0.081289	18.529	30.239	163.37	24.963	34.241	943.95	-0.76583	49.819	0.086380	supercritical
900.00	145.05	12.357	0.080928	18.526	30.265	163.31	24.970	34.248	946.09	-0.76606	49.908	0.086566	supercritical
900.00	146.05	12.411	0.080572	18.523	30.291	163.24	24.977	34.254	948.22	-0.76627	49.997	0.086752	supercritical
900.00	147.05	12.466	0.080221	18.521	30.317	163.18	24.984	34.260	950.35	-0.76648	50.086	0.086938	supercritical
900.00	148.05	12.520	0.079875	18.518	30.344	163.12	24.991	34.266	952.48	-0.76669	50.175	0.087125	supercritical
900.00	149.05	12.573	0.079533	18.516	30.370	163.07	24.998	34.272	954.60	-0.76688	50.264	0.087311	supercritical
900.00	150.05	12.627	0.079195	18.513	30.396	163.01	25.005	34.278	956.72	-0.76707	50.353	0.087497	supercritical
900.00	151.05	12.680	0.078862	18.510	30.422	162.95	25.012	34.284	958.83	-0.76725	50.442	0.087683	supercritical
900.00	152.05	12.733	0.078533	18.508	30.449	162.89	25.019	34.290	960.94	-0.76743	50.532	0.087869	supercritical
900.00	153.05	12.786	0.078209	18.505	30.475	162.83	25.026	34.296	963.04	-0.76760	50.621	0.088055	supercritical
900.00	154.05	12.839	0.077888	18.503	30.501	162.77	25.033	34.302	965.15	-0.76776	50.711	0.088241	supercritical
900.00	155.05	12.891	0.077571	18.500	30.528	162.72	25.040	34.308	967.24	-0.76791	50.800	0.088427	supercritical
900.00	156.05	12.943	0.077259	18.498	30.554	162.66	25.046	34.314	969.34	-0.76806	50.890	0.088613	supercritical
900.00	157.05	12.995	0.076950	18.495	30.580	162.60	25.053	34.320	971.42	-0.76821	50.979	0.088800	supercritical
900.00	158.05	13.047	0.076645	18.493	30.607	162.55	25.060	34.325	973.51	-0.76834	51.069	0.088986	supercritical
900.00	159.05	13.099	0.076344	18.491	30.633	162.49	25.067	34.331	975.59	-0.76847	51.159	0.089172	supercritical
900.00	160.05	13.150	0.076046	18.488	30.660	162.44	25.074	34.337	977.67	-0.76860	51.249	0.089358	supercritical
900.00	161.05	13.201	0.075752	18.486	30.686	162.38	25.081	34.342	979.74	-0.76872	51.338	0.089544	supercritical
900.00	162.05	13.252	0.075462	18.484	30.712	162.33	25.088	34.348	981.81	-0.76883	51.428	0.089730	supercritical
900.00	163.05	13.302	0.075175	18.482	30.739	162.27	25.095	34.354	983.87	-0.76894	51.518	0.089917	supercritical
900.00	164.05	13.353	0.074891	18.479	30.765	162.22	25.101	34.359	985.93	-0.76904	51.608	0.090103	supercritical
900.00	165.05	13.403	0.074611	18.477	30.792	162.17	25.108	34.365	987.99	-0.76914	51.699	0.090289	supercritical
900.00	166.05	13.453	0.074334	18.475	30.818	162.11	25.115	34.370	990.04	-0.76923	51.789	0.090475	supercritical
900.00	167.05	13.503	0.074060	18.473	30.845	162.06	25.122	34.376	992.09	-0.76932	51.879	0.090661	supercritical
900.00	168.05	13.552	0.073790	18.471	30.871	162.01	25.128	34.381	994.14	-0.76940	51.969	0.090847	supercritical
900.00	169.05	13.601	0.073522	18.469	30.897	161.95	25.135	34.387	996.18	-0.76948	52.060	0.091034	supercritical
900.00	170.05	13.650	0.073258	18.466	30.924	161.90	25.142	34.392	998.21	-0.76955	52.150	0.091220	supercritical
900.00	171.05	13.699	0.072996	18.464	30.950	161.85	25.149	34.397	1000.2	-0.76962	52.240	0.091406	supercritical
900.00	172.05	13.748	0.072737	18.462	30.977	161.80	25.155	34.403	1002.3	-0.76968	52.331	0.091592	supercritical
900.00	173.05	13.797	0.072482	18.460	31.003	161.75	25.162	34.408	1004.3	-0.76974	52.421	0.091778	supercritical
900.00	174.05	13.845	0.072229	18.458	31.030	161.70	25.169	34.413	1006.3	-0.76979	52.512	0.091964	supercritical
900.00	175.05	13.893	0.071979	18.456	31.056	161.65	25.176	34.418	1008.3	-0.76984	52.603	0.092151	supercritical
900.00	176.05	13.941	0.071732	18.454	31.083	161.59	25.182	34.424	1010.3	-0.76989	52.693	0.092337	supercritical
900.00	177.05	13.989	0.071487	18.453	31.109	161.54	25.189	34.429	1012.4	-0.76993	52.784	0.092523	supercritical
900.00	178.05	14.036	0.071245	18.451	31.136	161.49	25.196	34.434	1014.4	-0.76996	52.875	0.092709	supercritical
900.00	179.05	14.083	0.071006	18.449	31.162	161.45	25.202	34.439	1016.4	-0.76999	52.966	0.092895	supercritical
900.00	180.05	14.131	0.070769	18.447	31.189	161.40	25.209	34.444	1018.4	-0.77002	53.057	0.093082	supercritical
900.00	181.05	14.177	0.070535	18.445	31.215	161.35	25.216	34.449	1020.4	-0.77005	53.148	0.093268	supercritical
900.00	182.05	14.224	0.070303	18.443	31.242	161.30	25.222	34.454	1022.3	-0.77007	53.239	0.093454	supercritical
900.00	183.05	14.271	0.070073	18.442	31.268	161.25	25.229	34.459	1024.3	-0.77008	53.330	0.093640	supercritical
900.00	184.05	14.317	0.069846	18.440	31.295	161.20	25.236	34.464	1026.3	-0.77009	53.421	0.093826	supercritical
900.00	185.05	14.363	0.069622	18.438	31.322	161.15	25.242	34.469	1028.3	-0.77010	53.512	0.094013	supercritical
900.00	186.05	14.409	0.069399	18.436	31.348	161.11	25.249	34.474	1030.3	-0.77011	53.603	0.094199	supercritical
900.00	187.05	14.455	0.069179	18.435	31.375	161.06	25.255	34.479	1032.2	-0.77011	53.694	0.094385	supercritical
900.00	188.05	14.501	0.068962	18.433	31.401	161.01	25.262	34.484	1034.2	-0.77011	53.786	0.094571	supercritical
900.00	189.05	14.546	0.068746	18.431	31.428	160.96	25.268	34.489	1036.2	-0.77010	53.877	0.094757	supercritical
900.00	190.05	14.592	0.068533	18.430	31.454	160.92	25.275	34.493	1038.1	-0.77009	53.968	0.094944	supercritical
900.00	191.05	14.637	0.068321	18.428	31.481	160.87	25.282	34.498	1040.1	-0.77008	54.060	0.095130	supercritical
900.00	192.05	14.682	0.068112	18.426	31.507	160.82	25.288	34.503	1042.0	-0.77006	54.151	0.095316	supercritical
900.00	193.05	14.726	0.067905	18.425	31.534	160.78	25.295	34.508	1044.0	-0.77004	54.243	0.095502	supercritical
900.00	194.05	14.771	0.067700	18.423	31.561	160.73	25.301	34.513	1045.9	-0.77002	54.334	0.095688	supercritical
900.00	195.05	14.815	0.067497	18.422	31.587	160.69	25.308	34.517	1047.9	-0.76999	54.426	0.095875	supercritical
900.00	196.05	14.860	0.067296	18.420	31.614	160.64	25.314	34.522	1049.8	-0.76997	54.518	0.096061	supercritical
900.00	197.05	14.904	0.067097	18.419	31.640	160.60	25.321	34.527	1051.7	-0.76993	54.609	0.096247	supercritical
900.00	198.05	14.948	0.066900	18.417	31.667	160.55	25.327	34.531	1053.7	-0.76990	54.701	0.096433	supercritical
900.00	199.05	14.991	0.066705	18.416	31.694	160.51	25.334	34.536	1055.6	-0.76986	54.793	0.096620	supercritical
900.00	200.05	15.035	0.066511	18.415	31.720	160.46	25.340	34.541	1057.5	-0.76982	54.885	0.096806	supercritical
900.00	201.05	15.078	0.066320	18.413	31.747	160.42	25.347	34.545	1059.4	-0.76978	54.977	0.096992	supercritical
900.00	202.05	15.122	0.066130	18.412	31.773	160.37	25.353	34.550	1061.4	-0.76973	55.069	0.097178	supercritical
900.00	203.05	15.165	0.065942	18.410	31.800	160.33	25.360	34.554	1063.3	-0.76968	55.161	0.097364	supercritical
900.00	204.05	15.208	0.065756	18.409	31.826	160.29	25.366	34.559	1065.2	-0.76963	55.253	0.097551	supercritical
900.00	205.05	15.251	0.065571	18.408	31.853	160.24	25.372	34.563	1067.1	-0.76958	55.345	0.097737	supercritical
900.00	206.05	15.293	0.065389	18.406	31.880	160.20	25.379	34.568	1069.0	-0.76952	55.437	0.097923	supercritical
900.00	207.05	15.336	0.065208	18.405	31.906	160.16	25.385	34.572	1070.9	-0.76946	55.529	0.098109	supercritical
900.00	208.05	15.378	0.065028	18.404	31.933	160.11	25.392	34.577	1072.8	-0.76940	55.621	0.098296	supercritical
900.00	209.05	15.420	0.064850	18.403	31.959	160.07	25.398	34.581	1074.7	-0.76934	55.714	0.098482	supercritical
900.00	210.05	15.462	0.064674	18.401	31.986	160.03	25.404	34.585	1076.6	-0.76927	55.806	0.098668	supercritical
900.00	211.05	15.504	0.064500	18.400	32.013	159.99	25.411	34.590	1078.4	-0.76920	55.898	0.098855	supercritical
900.00	212.05	15.546	0.064326	18.399	32.039	159.95	25.417	34.594	1080.3	-0.76913	55.991	0.099041	supercritical
900.00	213.05	15.587	0.064155	18.398	32.066	159.90	25.424	34.599	1082.2	-0.76906	56.083	0.099227	supercritical
900.00	214.05	15.629	0.063985	18.397	32.093	159.86	25.430	34.603	1084.1	-0.76898	56.176	0.099413	supercritical
900.00	215.05	15.670	0.063817	18.395	32.119	159.82	25.436	34.607	1085.9	-0.76891	56.268	0.099600	supercritical
900.00	216.05	15.711	0.063650	18.394	32.146	159.78	25.443	34.611	1087.8	-0.76883	56.361	0.099786	supercritical
900.00	217.05	15.752	0.063484	18.393	32.172	159.74	25.449	34.616	1089.7	-0.76874	56.453	0.099972	supercritical
900.00	218.05	15.793	0.063320	18.392	32.199	159.70	25.455	34.620	1091.5	-0.76866	56.546	0.10016	supercritical
900.00	219.05	15.833	0.063157	18.391	32.226	159.66	25.462	34.624	1093.4	-0.76857	56.639	0.10034	supercritical
900.00	220.05	15.874	0.062996	18.390	32.252	159.62	25.468	34.628	1095.2	-0.76849	56.732	0.10053	supercritical
900.00	221.05	15.914	0.062836	18.389	32.279	159.58	25.474	34.633	1097.1	-0.76840	56.824	0.10072	supercritical
900.00	222.05	15.955	0.062678	18.388	32.305	159.54	25.481	34.637	1098.9	-0.76831	56.917	0.10090	supercritical
900.00	223.05	15.995	0.062520	18.387	32.332	159.50	25.487	34.641	1100.8	-0.76821	57.010	0.10109	supercritical
900.00	224.05	16.035	0.062365	18.386	32.359	159.46	25.493	34.645	1102.6	-0.76812	57.103	0.10128	supercritical
900.00	225.05	16.075	0.062210	18.385	32.385	159.42	25.499	34.649	1104.5	-0.76802	57.196	0.10146	supercritical
900.00	226.05	16.114	0.062057	18.384	32.412	159.38	25.506	34.653	1106.3	-0.76792	57.289	0.10165	supercritical
900.00	227.05	16.154	0.061905	18.383	32.438	159.34	25.512	34.657	1108.1	-0.76782	57.382	0.10184	supercritical
900.00	228.05	16.193	0.061754	18.382	32.465	159.30	25.518	34.661	1109.9	-0.76772	57.475	0.10202	supercritical
900.00	229.05	16.233	0.061605	18.381	32.492	159.26	25.524	34.665	1111.8	-0.76761	57.568	0.10221	supercritical
900.00	230.05	16.272	0.061456	18.380	32.518	159.22	25.531	34.669	1113.6	-0.76751	57.662	0.10239	supercritical
900.00	231.05	16.311	0.061309	18.379	32.545	159.18	25.537	34.674	1115.4	-0.76740	57.755	0.10258	supercritical
900.00	232.05	16.350	0.061163	18.379	32.572	159.14	25.543	34.678	1117.2	-0.76729	57.848	0.10277	supercritical
900.00	233.05	16.388	0.061019	18.378	32.598	159.10	25.549	34.681	1119.0	-0.76718	57.942	0.10295	supercritical
900.00	234.05	16.427	0.060875	18.377	32.625	159.07	25.555	34.685	1120.8	-0.76707	58.035	0.10314	supercritical
900.00	235.05	16.466	0.060733	18.376	32.651	159.03	25.562	34.689	1122.6	-0.76695	58.128	0.10333	supercritical
900.00	236.05	16.504	0.060592	18.375	32.678	158.99	25.568	34.693	1124.4	-0.76684	58.222	0.10351	supercritical
900.00	237.05	16.542	0.060452	18.374	32.705	158.95	25.574	34.697	1126.2	-0.76672	58.315	0.10370	supercritical
900.00	238.05	16.580	0.060313	18.374	32.731	158.92	25.580	34.701	1128.0	-0.76660	58.409	0.10389	supercritical
900.00	239.05	16.618	0.060175	18.373	32.758	158.88	25.586	34.705	1129.8	-0.76648	58.503	0.10407	supercritical
900.00	240.05	16.656	0.060038	18.372	32.784	158.84	25.592	34.709	1131.6	-0.76636	58.596	0.10426	supercritical
900.00	241.05	16.694	0.059902	18.372	32.811	158.80	25.599	34.713	1133.4	-0.76624	58.690	0.10444	supercritical
900.00	242.05	16.731	0.059768	18.371	32.838	158.77	25.605	34.717	1135.2	-0.76612	58.784	0.10463	supercritical
900.00	243.05	16.769	0.059634	18.370	32.864	158.73	25.611	34.721	1137.0	-0.76599	58.877	0.10482	supercritical
900.00	244.05	16.806	0.059501	18.369	32.891	158.69	25.617	34.724	1138.7	-0.76587	58.971	0.10500	supercritical
900.00	245.05	16.844	0.059370	18.369	32.917	158.66	25.623	34.728	1140.5	-0.76574	59.065	0.10519	supercritical
900.00	246.05	16.881	0.059239	18.368	32.944	158.62	25.629	34.732	1142.3	-0.76561	59.159	0.10538	supercritical
900.00	247.05	16.918	0.059109	18.368	32.971	158.58	25.635	34.736	1144.0	-0.76548	59.253	0.10556	supercritical
900.00	248.05	16.955	0.058981	18.367	32.997	158.55	25.641	34.739	1145.8	-0.76535	59.347	0.10575	supercritical
900.00	249.05	16.991	0.058853	18.366	33.024	158.51	25.648	34.743	1147.6	-0.76522	59.441	0.10594	supercritical
900.00	250.05	17.028	0.058726	18.366	33.050	158.48	25.654	34.747	1149.3	-0.76509	59.535	0.10612	supercritical
900.00	251.05	17.065	0.058601	18.365	33.077	158.44	25.660	34.751	1151.1	-0.76495	59.629	0.10631	supercritical
900.00	252.05	17.101	0.058476	18.365	33.103	158.41	25.666	34.754	1152.8	-0.76482	59.724	0.10650	supercritical
900.00	253.05	17.137	0.058352	18.364	33.130	158.37	25.672	34.758	1154.6	-0.76468	59.818	0.10668	supercritical
900.00	254.05	17.174	0.058229	18.364	33.157	158.34	25.678	34.762	1156.3	-0.76454	59.912	0.10687	supercritical
900.00	255.05	17.210	0.058107	18.363	33.183	158.30	25.684	34.765	1158.1	-0.76440	60.006	0.10705	supercritical
900.00	256.05	17.246	0.057986	18.363	33.210	158.26	25.690	34.769	1159.8	-0.76426	60.101	0.10724	supercritical
900.00	257.05	17.282	0.057865	18.362	33.236	158.23	25.696	34.773	1161.5	-0.76412	60.195	0.10743	supercritical
900.00	258.05	17.317	0.057746	18.362	33.263	158.20	25.702	34.776	1163.3	-0.76398	60.290	0.10761	supercritical
900.00	259.05	17.353	0.057627	18.361	33.289	158.16	25.708	34.780	1165.0	-0.76384	60.384	0.10780	supercritical
900.00	260.05	17.388	0.057510	18.361	33.316	158.13	25.714	34.783	1166.7	-0.76370	60.479	0.10799	supercritical
900.00	261.05	17.424	0.057393	18.360	33.343	158.09	25.720	34.787	1168.5	-0.76355	60.573	0.10817	supercritical
900.00	262.05	17.459	0.057277	18.360	33.369	158.06	25.726	34.791	1170.2	-0.76341	60.668	0.10836	supercritical
900.00	263.05	17.494	0.057161	18.359	33.396	158.02	25.732	34.794	1171.9	-0.76326	60.763	0.10855	supercritical
900.00	264.05	17.529	0.057047	18.359	33.422	157.99	25.738	34.798	1173.6	-0.76311	60.857	0.10873	supercritical
900.00	265.05	17.564	0.056933	18.359	33.449	157.96	25.744	34.801	1175.3	-0.76297	60.952	0.10892	supercritical
900.00	266.05	17.599	0.056820	18.358	33.475	157.92	25.750	34.805	1177.0	-0.76282	61.047	0.10911	supercritical
900.00	267.05	17.634	0.056708	18.358	33.502	157.89	25.756	34.808	1178.7	-0.76267	61.142	0.10929	supercritical
900.00	268.05	17.669	0.056597	18.358	33.528	157.86	25.762	34.812	1180.4	-0.76252	61.237	0.10948	supercritical
900.00	269.05	17.703	0.056487	18.357	33.555	157.82	25.768	34.815	1182.1	-0.76237	61.332	0.10967	supercritical
900.00	270.05	17.738	0.056377	18.357	33.582	157.79	25.774	34.819	1183.8	-0.76221	61.427	0.10985	supercritical
900.00	271.05	17.772	0.056268	18.357	33.608	157.76	25.780	34.822	1185.5	-0.76206	61.522	0.11004	supercritical
900.00	272.05	17.806	0.056160	18.356	33.635	157.72	25.786	34.826	1187.2	-0.76191	61.617	0.11022	supercritical
900.00	273.05	17.841	0.056052	18.356	33.661	157.69	25.792	34.829	1188.9	-0.76175	61.712	0.11041	supercritical
900.00	274.05	17.875	0.055945	18.356	33.688	157.66	25.798	34.832	1190.6	-0.76160	61.807	0.11060	supercritical
900.00	275.05	17.909	0.055839	18.356	33.714	157.62	25.803	34.836	1192.3	-0.76144	61.902	0.11078	supercritical
900.00	276.05	17.942	0.055734	18.355	33.741	157.59	25.809	34.839	1194.0	-0.76129	61.998	0.11097	supercritical
900.00	277.05	17.976	0.055629	18.355	33.767	157.56	25.815	34.843	1195.7	-0.76113	62.093	0.11116	supercritical
900.00	278.05	18.010	0.055525	18.355	33.794	157.53	25.821	34.846	1197.3	-0.76097	62.188	0.11134	supercritical
900.00	279.05	18.043	0.055422	18.355	33.820	157.50	25.827	34.849	1199.0	-0.76081	62.284	0.11153	supercritical
900.00	280.05	18.077	0.055319	18.355	33.847	157.46	25.833	34.853	1200.7	-0.76065	62.379	0.11172	supercritical
900.00	281.05	18.110	0.055218	18.354	33.873	157.43	25.839	34.856	1202.3	-0.76050	62.475	0.11190	supercritical
900.00	282.05	18.143	0.055116	18.354	33.900	157.40	25.845	34.859	1204.0	-0.76034	62.570	0.11209	supercritical
900.00	283.05	18.177	0.055016	18.354	33.926	157.37	25.851	34.863	1205.7	-0.76017	62.666	0.11228	supercritical
900.00	284.05	18.210	0.054916	18.354	33.953	157.34	25.856	34.866	1207.3	-0.76001	62.762	0.11246	supercritical
900.00	285.05	18.243	0.054817	18.354	33.979	157.30	25.862	34.869	1209.0	-0.75985	62.857	0.11265	supercritical
900.00	286.05	18.276	0.054718	18.354	34.006	157.27	25.868	34.873	1210.6	-0.75969	62.953	0.11284	supercritical
900.00	287.05	18.308	0.054620	18.354	34.032	157.24	25.874	34.876	1212.3	-0.75953	63.049	0.11302	supercritical
900.00	288.05	18.341	0.054523	18.354	34.059	157.21	25.880	34.879	1214.0	-0.75936	63.145	0.11321	supercritical
900.00	289.05	18.374	0.054426	18.353	34.085	157.18	25.886	34.882	1215.6	-0.75920	63.240	0.11340	supercritical
900.00	290.05	18.406	0.054330	18.353	34.112	157.15	25.891	34.886	1217.2	-0.75903	63.336	0.11358	supercritical
900.00	291.05	18.439	0.054234	18.353	34.138	157.12	25.897	34.889	1218.9	-0.75887	63.432	0.11377	supercritical
900.00	292.05	18.471	0.054139	18.353	34.165	157.09	25.903	34.892	1220.5	-0.75870	63.528	0.11396	supercritical
900.00	293.05	18.503	0.054045	18.353	34.191	157.06	25.909	34.895	1222.2	-0.75854	63.624	0.11414	supercritical
900.00	294.05	18.535	0.053951	18.353	34.218	157.03	25.915	34.899	1223.8	-0.75837	63.721	0.11433	supercritical
900.00	295.05	18.567	0.053858	18.353	34.244	156.99	25.920	34.902	1225.4	-0.75820	63.817	0.11451	supercritical
900.00	296.05	18.599	0.053766	18.353	34.271	156.96	25.926	34.905	1227.1	-0.75804	63.913	0.11470	supercritical
900.00	297.05	18.631	0.053674	18.353	34.297	156.93	25.932	34.908	1228.7	-0.75787	64.009	0.11489	supercritical
900.00	298.05	18.663	0.053582	18.353	34.323	156.90	25.938	34.911	1230.3	-0.75770	64.106	0.11507	supercritical
900.00	299.05	18.695	0.053491	18.353	34.350	156.87	25.943	34.914	1231.9	-0.75753	64.202	0.11526	supercritical
900.00	300.05	18.726	0.053401	18.353	34.376	156.84	25.949	34.918	1233.5	-0.75736	64.298	0.11545	supercritical
900.00	301.05	18.758	0.053311	18.353	34.403	156.81	25.955	34.921	1235.2	-0.75719	64.395	0.11563	supercritical
900.00	302.05	18.789	0.053222	18.354	34.429	156.78	25.961	34.924	1236.8	-0.75702	64.491	0.11582	supercritical
900.00	303.05	18.821	0.053133	18.354	34.456	156.75	25.966	34.927	1238.4	-0.75685	64.588	0.11601	supercritical
900.00	304.05	18.852	0.053045	18.354	34.482	156.72	25.972	34.930	1240.0	-0.75668	64.684	0.11619	supercritical
900.00	305.05	18.883	0.052958	18.354	34.509	156.70	25.978	34.933	1241.6	-0.75651	64.781	0.11638	supercritical
900.00	306.05	18.914	0.052871	18.354	34.535	156.67	25.984	34.936	1243.2	-0.75634	64.878	0.11657	supercritical
900.00	307.05	18.945	0.052784	18.354	34.561	156.64	25.989	34.939	1244.8	-0.75617	64.975	0.11675	supercritical
900.00	308.05	18.976	0.052698	18.354	34.588	156.61	25.995	34.942	1246.4	-0.75600	65.071	0.11694	supercritical
900.00	309.05	19.007	0.052613	18.354	34.614	156.58	26.001	34.946	1248.0	-0.75582	65.168	0.11713	supercritical
900.00	310.05	19.038	0.052528	18.354	34.641	156.55	26.006	34.949	1249.6	-0.75565	65.265	0.11731	supercritical
900.00	311.05	19.068	0.052443	18.355	34.667	156.52	26.012	34.952	1251.2	-0.75548	65.362	0.11750	supercritical
900.00	312.05	19.099	0.052359	18.355	34.693	156.49	26.018	34.955	1252.8	-0.75531	65.459	0.11768	supercritical
900.00	313.05	19.129	0.052275	18.355	34.720	156.46	26.024	34.958	1254.4	-0.75513	65.556	0.11787	supercritical
900.00	314.05	19.160	0.052192	18.355	34.746	156.43	26.029	34.961	1255.9	-0.75496	65.653	0.11806	supercritical
900.00	315.05	19.190	0.052110	18.355	34.773	156.41	26.035	34.964	1257.5	-0.75478	65.750	0.11824	supercritical
900.00	316.05	19.220	0.052028	18.356	34.799	156.38	26.041	34.967	1259.1	-0.75461	65.847	0.11843	supercritical
900.00	317.05	19.251	0.051946	18.356	34.825	156.35	26.046	34.970	1260.7	-0.75443	65.945	0.11862	supercritical
900.00	318.05	19.281	0.051865	18.356	34.852	156.32	26.052	34.973	1262.3	-0.75426	66.042	0.11880	supercritical
900.00	319.05	19.311	0.051784	18.356	34.878	156.29	26.057	34.976	1263.8	-0.75408	66.139	0.11899	supercritical
900.00	320.05	19.341	0.051704	18.357	34.905	156.26	26.063	34.979	1265.4	-0.75391	66.237	0.11918	supercritical
900.00	321.05	19.371	0.051624	18.357	34.931	156.24	26.069	34.982	1267.0	-0.75373	66.334	0.11936	supercritical
900.00	322.05	19.400	0.051545	18.357	34.957	156.21	26.074	34.984	1268.5	-0.75356	66.431	0.11955	supercritical
900.00	323.05	19.430	0.051466	18.357	34.984	156.18	26.080	34.987	1270.1	-0.75338	66.529	0.11973	supercritical
900.00	324.05	19.460	0.051388	18.358	35.010	156.15	26.086	34.990	1271.7	-0.75320	66.627	0.11992	supercritical
900.00	325.05	19.489	0.051310	18.358	35.036	156.12	26.091	34.993	1273.2	-0.75303	66.724	0.12011	supercritical
900.00	326.05	19.519	0.051232	18.358	35.063	156.10	26.097	34.996	1274.8	-0.75285	66.822	0.12029	supercritical
900.00	327.05	19.548	0.051155	18.359	35.089	156.07	26.102	34.999	1276.3	-0.75267	66.920	0.12048	supercritical
900.00	328.05	19.578	0.051079	18.359	35.115	156.04	26.108	35.002	1277.9	-0.75250	67.017	0.12067	supercritical
900.00	329.05	19.607	0.051002	18.359	35.142	156.01	26.114	35.005	1279.4	-0.75232	67.115	0.12085	supercritical
900.00	330.05	19.636	0.050926	18.360	35.168	155.99	26.119	35.008	1281.0	-0.75214	67.213	0.12104	supercritical
900.00	331.05	19.665	0.050851	18.360	35.194	155.96	26.125	35.011	1282.5	-0.75196	67.311	0.12123	supercritical
900.00	332.05	19.694	0.050776	18.361	35.221	155.93	26.130	35.013	1284.1	-0.75178	67.409	0.12141	supercritical
900.00	333.05	19.723	0.050701	18.361	35.247	155.90	26.136	35.016	1285.6	-0.75161	67.507	0.12160	supercritical
900.00	334.05	19.752	0.050627	18.361	35.273	155.88	26.142	35.019	1287.1	-0.75143	67.605	0.12178	supercritical
900.00	335.05	19.781	0.050553	18.362	35.300	155.85	26.147	35.022	1288.7	-0.75125	67.703	0.12197	supercritical
900.00	336.05	19.810	0.050480	18.362	35.326	155.82	26.153	35.025	1290.2	-0.75107	67.801	0.12216	supercritical
900.00	337.05	19.838	0.050407	18.363	35.352	155.80	26.158	35.028	1291.7	-0.75089	67.900	0.12234	supercritical
900.00	338.05	19.867	0.050335	18.363	35.379	155.77	26.164	35.031	1293.3	-0.75071	67.998	0.12253	supercritical
900.00	339.05	19.896	0.050262	18.363	35.405	155.74	26.169	35.033	1294.8	-0.75053	68.096	0.12271	supercritical
900.00	340.05	19.924	0.050191	18.364	35.431	155.72	26.175	35.036	1296.3	-0.75035	68.194	0.12290	supercritical
900.00	341.05	19.952	0.050119	18.364	35.457	155.69	26.180	35.039	1297.8	-0.75017	68.293	0.12309	supercritical
900.00	342.05	19.981	0.050048	18.365	35.484	155.66	26.186	35.042	1299.4	-0.74999	68.391	0.12327	supercritical
900.00	343.05	20.009	0.049977	18.365	35.510	155.64	26.191	35.045	1300.9	-0.74981	68.490	0.12346	supercritical
900.00	344.05	20.037	0.049907	18.366	35.536	155.61	26.197	35.047	1302.4	-0.74963	68.588	0.12365	supercritical
900.00	345.05	20.065	0.049837	18.366	35.563	155.58	26.202	35.050	1303.9	-0.74945	68.687	0.12383	supercritical
900.00	346.05	20.093	0.049767	18.367	35.589	155.56	26.208	35.053	1305.4	-0.74927	68.786	0.12402	supercritical
900.00	347.05	20.121	0.049698	18.367	35.615	155.53	26.213	35.056	1306.9	-0.74909	68.884	0.12420	supercritical
900.00	348.05	20.149	0.049629	18.368	35.641	155.51	26.219	35.058	1308.4	-0.74891	68.983	0.12439	supercritical
900.00	349.05	20.177	0.049561	18.368	35.668	155.48	26.224	35.061	1309.9	-0.74873	69.082	0.12458	supercritical
900.00	350.05	20.205	0.049493	18.369	35.694	155.45	26.230	35.064	1311.4	-0.74855	69.181	0.12476	supercritical
900.00	351.05	20.233	0.049425	18.369	35.720	155.43	26.235	35.067	1312.9	-0.74837	69.280	0.12495	supercritical
900.00	352.05	20.260	0.049358	18.370	35.746	155.40	26.241	35.069	1314.4	-0.74819	69.379	0.12513	supercritical
900.00	353.05	20.288	0.049290	18.371	35.773	155.38	26.246	35.072	1315.9	-0.74801	69.478	0.12532	supercritical
900.00	354.05	20.315	0.049224	18.371	35.799	155.35	26.252	35.075	1317.4	-0.74783	69.577	0.12550	supercritical
900.00	355.05	20.343	0.049157	18.372	35.825	155.33	26.257	35.077	1318.9	-0.74765	69.676	0.12569	supercritical
900.00	356.05	20.370	0.049091	18.372	35.851	155.30	26.263	35.080	1320.4	-0.74747	69.775	0.12588	supercritical
900.00	357.05	20.398	0.049025	18.373	35.877	155.28	26.268	35.083	1321.9	-0.74728	69.874	0.12606	supercritical
900.00	358.05	20.425	0.048960	18.374	35.904	155.25	26.273	35.085	1323.4	-0.74710	69.974	0.12625	supercritical
900.00	359.05	20.452	0.048895	18.374	35.930	155.23	26.279	35.088	1324.9	-0.74692	70.073	0.12643	supercritical
900.00	360.05	20.479	0.048830	18.375	35.956	155.20	26.284	35.091	1326.3	-0.74674	70.172	0.12662	supercritical
900.00	361.05	20.506	0.048766	18.375	35.982	155.17	26.290	35.093	1327.8	-0.74656	70.272	0.12681	supercritical
900.00	362.05	20.533	0.048702	18.376	36.008	155.15	26.295	35.096	1329.3	-0.74638	70.371	0.12699	supercritical
900.00	363.05	20.560	0.048638	18.377	36.035	155.12	26.301	35.099	1330.8	-0.74620	70.471	0.12718	supercritical
900.00	364.05	20.587	0.048574	18.377	36.061	155.10	26.306	35.101	1332.2	-0.74601	70.570	0.12736	supercritical
900.00	365.05	20.614	0.048511	18.378	36.087	155.07	26.311	35.104	1333.7	-0.74583	70.670	0.12755	supercritical
900.00	366.05	20.641	0.048448	18.379	36.113	155.05	26.317	35.107	1335.2	-0.74565	70.770	0.12773	supercritical
900.00	367.05	20.667	0.048386	18.379	36.139	155.03	26.322	35.109	1336.7	-0.74547	70.869	0.12792	supercritical
900.00	368.05	20.694	0.048324	18.380	36.166	155.00	26.328	35.112	1338.1	-0.74529	70.969	0.12811	supercritical
900.00	369.05	20.720	0.048262	18.381	36.192	154.98	26.333	35.114	1339.6	-0.74511	71.069	0.12829	supercritical
900.00	370.05	20.747	0.048200	18.381	36.218	154.95	26.338	35.117	1341.0	-0.74492	71.169	0.12848	supercritical
900.00	371.05	20.773	0.048139	18.382	36.244	154.93	26.344	35.120	1342.5	-0.74474	71.269	0.12866	supercritical
900.00	372.05	20.800	0.048078	18.383	36.270	154.90	26.349	35.122	1344.0	-0.74456	71.369	0.12885	supercritical
900.00	373.05	20.826	0.048017	18.384	36.296	154.88	26.354	35.125	1345.4	-0.74438	71.469	0.12907	supercritical
900.00	374.05	20.852	0.047956	18.384	36.323	154.85	26.360	35.127	1346.9	-0.74420	71.569	0.12928	supercritical
900.00	375.05	20.878	0.047896	18.385	36.349	154.83	26.365	35.130	1348.3	-0.74401	71.669	0.12948	supercritical
900.00	376.05	20.905	0.047836	18.386	36.375	154.81	26.371	35.133	1349.8	-0.74383	71.769	0.12968	supercritical
900.00	377.05	20.931	0.047777	18.387	36.401	154.78	26.376	35.135	1351.2	-0.74365	71.870	0.12988	supercritical
900.00	378.05	20.957	0.047718	18.387	36.427	154.76	26.381	35.138	1352.7	-0.74347	71.970	0.13007	supercritical
900.00	379.05	20.983	0.047658	18.388	36.453	154.73	26.387	35.140	1354.1	-0.74329	72.070	0.13027	supercritical
900.00	380.05	21.009	0.047600	18.389	36.479	154.71	26.392	35.143	1355.6	-0.74310	72.171	0.13046	supercritical
900.00	381.05	21.034	0.047541	18.390	36.505	154.69	26.397	35.145	1357.0	-0.74292	72.271	0.13065	supercritical
900.00	382.05	21.060	0.047483	18.391	36.531	154.66	26.403	35.148	1358.4	-0.74274	72.372	0.13085	supercritical
900.00	383.05	21.086	0.047425	18.391	36.558	154.64	26.408	35.150	1359.9	-0.74256	72.472	0.13104	supercritical
900.00	384.05	21.112	0.047367	18.392	36.584	154.61	26.413	35.153	1361.3	-0.74237	72.573	0.13123	supercritical
900.00	385.05	21.137	0.047310	18.393	36.610	154.59	26.418	35.155	1362.7	-0.74219	72.674	0.13142	supercritical
900.00	386.05	21.163	0.047253	18.394	36.636	154.57	26.424	35.158	1364.2	-0.74201	72.774	0.13161	supercritical
900.00	387.05	21.188	0.047196	18.395	36.662	154.54	26.429	35.160	1365.6	-0.74183	72.875	0.13181	supercritical
900.00	388.05	21.214	0.047140	18.396	36.688	154.52	26.434	35.163	1367.0	-0.74165	72.976	0.13200	supercritical
900.00	389.05	21.239	0.047083	18.396	36.714	154.50	26.440	35.165	1368.4	-0.74146	73.077	0.13219	supercritical
900.00	390.05	21.264	0.047027	18.397	36.740	154.47	26.445	35.168	1369.9	-0.74128	73.178	0.13238	supercritical
900.00	391.05	21.290	0.046971	18.398	36.766	154.45	26.450	35.170	1371.3	-0.74110	73.279	0.13257	supercritical
900.00	392.05	21.315	0.046916	18.399	36.792	154.43	26.455	35.173	1372.7	-0.74092	73.380	0.13276	supercritical
900.00	393.05	21.340	0.046860	18.400	36.818	154.40	26.461	35.175	1374.1	-0.74074	73.481	0.13295	supercritical
900.00	394.05	21.365	0.046805	18.401	36.844	154.38	26.466	35.178	1375.5	-0.74055	73.582	0.13314	supercritical
900.00	395.05	21.390	0.046751	18.402	36.870	154.36	26.471	35.180	1377.0	-0.74037	73.683	0.13333	supercritical
900.00	396.05	21.415	0.046696	18.403	36.897	154.34	26.477	35.183	1378.4	-0.74019	73.784	0.13351	supercritical
900.00	397.05	21.440	0.046642	18.404	36.923	154.31	26.482	35.185	1379.8	-0.74001	73.886	0.13370	supercritical
900.00	398.05	21.465	0.046588	18.404	36.949	154.29	26.487	35.188	1381.2	-0.73983	73.987	0.13389	supercritical
900.00	399.05	21.490	0.046534	18.405	36.975	154.27	26.492	35.190	1382.6	-0.73965	74.088	0.13408	supercritical
900.00	400.05	21.515	0.046480	18.406	37.001	154.24	26.498	35.193	1384.0	-0.73946	74.190	0.13427	supercritical
900.00	401.05	21.539	0.046427	18.407	37.027	154.22	26.503	35.195	1385.4	-0.73928	74.291	0.13446	supercritical
900.00	402.05	21.564	0.046374	18.408	37.053	154.20	26.508	35.197	1386.8	-0.73910	74.393	0.13465	supercritical
900.00	403.05	21.589	0.046321	18.409	37.079	154.18	26.513	35.200	1388.2	-0.73892	74.494	0.13484	supercritical
900.00	404.05	21.613	0.046268	18.410	37.105	154.15	26.518	35.202	1389.6	-0.73874	74.596	0.13502	supercritical
900.00	405.05	21.638	0.046216	18.411	37.131	154.13	26.524	35.205	1391.0	-0.73856	74.698	0.13521	supercritical
900.00	406.05	21.662	0.046164	18.412	37.157	154.11	26.529	35.207	1392.4	-0.73837	74.800	0.13540	supercritical
900.00	407.05	21.687	0.046112	18.413	37.183	154.09	26.534	35.210	1393.8	-0.73819	74.901	0.13559	supercritical
900.00	408.05	21.711	0.046060	18.414	37.209	154.06	26.539	35.212	1395.2	-0.73801	75.003	0.13578	supercritical
900.00	409.05	21.735	0.046008	18.415	37.235	154.04	26.544	35.214	1396.6	-0.73783	75.105	0.13596	supercritical
900.00	410.05	21.759	0.045957	18.416	37.261	154.02	26.550	35.217	1397.9	-0.73765	75.207	0.13615	supercritical
900.00	411.05	21.784	0.045906	18.417	37.287	154.00	26.555	35.219	1399.3	-0.73747	75.309	0.13634	supercritical
900.00	412.05	21.808	0.045855	18.418	37.313	153.98	26.560	35.222	1400.7	-0.73729	75.411	0.13653	supercritical
900.00	413.05	21.832	0.045805	18.419	37.339	153.95	26.565	35.224	1402.1	-0.73711	75.513	0.13671	supercritical
900.00	414.05	21.856	0.045754	18.420	37.365	153.93	26.570	35.226	1403.5	-0.73692	75.616	0.13690	supercritical
900.00	415.05	21.880	0.045704	18.421	37.390	153.91	26.576	35.229	1404.9	-0.73674	75.718	0.13709	supercritical
900.00	416.05	21.904	0.045654	18.422	37.416	153.89	26.581	35.231	1406.2	-0.73656	75.820	0.13727	supercritical
900.00	417.05	21.928	0.045604	18.423	37.442	153.87	26.586	35.233	1407.6	-0.73638	75.922	0.13746	supercritical
900.00	418.05	21.952	0.045555	18.424	37.468	153.84	26.591	35.236	1409.0	-0.73620	76.025	0.13765	supercritical
900.00	419.05	21.975	0.045505	18.425	37.494	153.82	26.596	35.238	1410.3	-0.73602	76.127	0.13784	supercritical
900.00	420.05	21.999	0.045456	18.426	37.520	153.80	26.601	35.240	1411.7	-0.73584	76.230	0.13802	supercritical
900.00	421.05	22.023	0.045407	18.427	37.546	153.78	26.606	35.243	1413.1	-0.73566	76.332	0.13821	supercritical
900.00	422.05	22.047	0.045359	18.429	37.572	153.76	26.612	35.245	1414.4	-0.73548	76.435	0.13839	supercritical
900.00	423.05	22.070	0.045310	18.430	37.598	153.74	26.617	35.247	1415.8	-0.73530	76.538	0.13858	supercritical
900.00	424.05	22.094	0.045262	18.431	37.624	153.71	26.622	35.250	1417.2	-0.73512	76.640	0.13877	supercritical
900.00	425.05	22.117	0.045214	18.432	37.650	153.69	26.627	35.252	1418.5	-0.73494	76.743	0.13895	supercritical
900.00	426.05	22.141	0.045166	18.433	37.676	153.67	26.632	35.254	1419.9	-0.73476	76.846	0.13914	supercritical
900.00	427.05	22.164	0.045118	18.434	37.702	153.65	26.637	35.257	1421.3	-0.73458	76.949	0.13933	supercritical
900.00	428.05	22.188	0.045070	18.435	37.728	153.63	26.642	35.259	1422.6	-0.73440	77.052	0.13951	supercritical
900.00	429.05	22.211	0.045023	18.436	37.753	153.61	26.647	35.261	1424.0	-0.73422	77.155	0.13970	supercritical
900.00	430.05	22.234	0.044976	18.437	37.779	153.59	26.653	35.264	1425.3	-0.73404	77.258	0.13988	supercritical
900.00	431.05	22.257	0.044929	18.439	37.805	153.56	26.658	35.266	1426.7	-0.73386	77.361	0.14007	supercritical
900.00	432.05	22.280	0.044882	18.440	37.831	153.54	26.663	35.268	1428.0	-0.73368	77.464	0.14026	supercritical
900.00	433.05	22.304	0.044836	18.441	37.857	153.52	26.668	35.271	1429.4	-0.73350	77.567	0.14044	supercritical
900.00	434.05	22.327	0.044789	18.442	37.883	153.50	26.673	35.273	1430.7	-0.73332	77.670	0.14063	supercritical
900.00	435.05	22.350	0.044743	18.443	37.909	153.48	26.678	35.275	1432.1	-0.73314	77.774	0.14081	supercritical
900.00	436.05	22.373	0.044697	18.444	37.935	153.46	26.683	35.277	1433.4	-0.73296	77.877	0.14100	supercritical
900.00	437.05	22.396	0.044651	18.445	37.960	153.44	26.688	35.280	1434.7	-0.73278	77.980	0.14118	supercritical
900.00	438.05	22.419	0.044606	18.447	37.986	153.42	26.693	35.282	1436.1	-0.73260	78.084	0.14137	supercritical
900.00	439.05	22.441	0.044560	18.448	38.012	153.40	26.698	35.284	1437.4	-0.73242	78.187	0.14155	supercritical
900.00	440.05	22.464	0.044515	18.449	38.038	153.38	26.703	35.287	1438.8	-0.73224	78.291	0.14174	supercritical
900.00	441.05	22.487	0.044470	18.450	38.064	153.35	26.708	35.289	1440.1	-0.73206	78.394	0.14192	supercritical
900.00	442.05	22.510	0.044425	18.451	38.090	153.33	26.713	35.291	1441.4	-0.73188	78.498	0.14211	supercritical
900.00	443.05	22.532	0.044380	18.453	38.115	153.31	26.719	35.293	1442.8	-0.73170	78.602	0.14229	supercritical
900.00	444.05	22.555	0.044336	18.454	38.141	153.29	26.724	35.296	1444.1	-0.73152	78.705	0.14248	supercritical
900.00	445.05	22.578	0.044292	18.455	38.167	153.27	26.729	35.298	1445.4	-0.73134	78.809	0.14266	supercritical
900.00	446.05	22.600	0.044247	18.456	38.193	153.25	26.734	35.300	1446.7	-0.73117	78.913	0.14285	supercritical
900.00	447.05	22.623	0.044203	18.458	38.219	153.23	26.739	35.302	1448.1	-0.73099	79.017	0.14303	supercritical
900.00	448.05	22.645	0.044160	18.459	38.244	153.21	26.744	35.305	1449.4	-0.73081	79.121	0.14322	supercritical
900.00	449.05	22.668	0.044116	18.460	38.270	153.19	26.749	35.307	1450.7	-0.73063	79.225	0.14340	supercritical
900.00	450.05	22.690	0.044072	18.461	38.296	153.17	26.754	35.309	1452.0	-0.73045	79.329	0.14359	supercritical
900.00	451.05	22.712	0.044029	18.463	38.322	153.15	26.759	35.311	1453.4	-0.73027	79.433	0.14377	supercritical
900.00	452.05	22.735	0.043986	18.464	38.348	153.13	26.764	35.314	1454.7	-0.73010	79.537	0.14396	supercritical
900.00	453.05	22.757	0.043943	18.465	38.373	153.11	26.769	35.316	1456.0	-0.72992	79.642	0.14414	supercritical
900.00	454.05	22.779	0.043900	18.466	38.399	153.09	26.774	35.318	1457.3	-0.72974	79.746	0.14432	supercritical
900.00	455.05	22.801	0.043858	18.468	38.425	153.07	26.779	35.320	1458.6	-0.72956	79.850	0.14451	supercritical
900.00	456.05	22.823	0.043815	18.469	38.451	153.05	26.784	35.322	1459.9	-0.72938	79.955	0.14469	supercritical
900.00	457.05	22.845	0.043773	18.470	38.476	153.03	26.789	35.325	1461.2	-0.72921	80.059	0.14488	supercritical
900.00	458.05	22.867	0.043731	18.471	38.502	153.01	26.794	35.327	1462.5	-0.72903	80.164	0.14506	supercritical
900.00	459.05	22.889	0.043689	18.473	38.528	152.99	26.799	35.329	1463.9	-0.72885	80.268	0.14524	supercritical
900.00	460.05	22.911	0.043647	18.474	38.554	152.97	26.804	35.331	1465.2	-0.72867	80.373	0.14543	supercritical
900.00	461.05	22.933	0.043605	18.475	38.579	152.95	26.809	35.333	1466.5	-0.72850	80.477	0.14561	supercritical
900.00	462.05	22.955	0.043564	18.477	38.605	152.93	26.814	35.336	1467.8	-0.72832	80.582	0.14580	supercritical
900.00	463.05	22.977	0.043522	18.478	38.631	152.91	26.819	35.338	1469.1	-0.72814	80.687	0.14598	supercritical
900.00	464.05	22.999	0.043481	18.479	38.657	152.89	26.824	35.340	1470.4	-0.72797	80.792	0.14616	supercritical
900.00	465.05	23.020	0.043440	18.481	38.682	152.87	26.829	35.342	1471.7	-0.72779	80.897	0.14635	supercritical
900.00	466.05	23.042	0.043399	18.482	38.708	152.85	26.834	35.344	1473.0	-0.72761	81.002	0.14653	supercritical
900.00	467.05	23.064	0.043358	18.483	38.734	152.83	26.838	35.347	1474.3	-0.72743	81.107	0.14671	supercritical
900.00	468.05	23.085	0.043318	18.485	38.760	152.81	26.843	35.349	1475.5	-0.72726	81.212	0.14690	supercritical
900.00	469.05	23.107	0.043277	18.486	38.785	152.79	26.848	35.351	1476.8	-0.72708	81.317	0.14708	supercritical
900.00	470.05	23.128	0.043237	18.487	38.811	152.77	26.853	35.353	1478.1	-0.72691	81.422	0.14726	supercritical
900.00	471.05	23.150	0.043197	18.489	38.837	152.75	26.858	35.355	1479.4	-0.72673	81.527	0.14745	supercritical
900.00	472.05	23.171	0.043157	18.490	38.862	152.73	26.863	35.357	1480.7	-0.72655	81.632	0.14763	supercritical
900.00	473.05	23.193	0.043117	18.492	38.888	152.71	26.868	35.360	1482.0	-0.72638	81.737	0.14781	supercritical
900.00	474.05	23.214	0.043077	18.493	38.914	152.69	26.873	35.362	1483.3	-0.72620	81.843	0.14800	supercritical
900.00	475.05	23.235	0.043038	18.494	38.939	152.68	26.878	35.364	1484.6	-0.72602	81.948	0.14818	supercritical
900.00	476.05	23.257	0.042998	18.496	38.965	152.66	26.883	35.366	1485.8	-0.72585	82.054	0.14836	supercritical
900.00	477.05	23.278	0.042959	18.497	38.991	152.64	26.888	35.368	1487.1	-0.72567	82.159	0.14854	supercritical
900.00	478.05	23.299	0.042920	18.498	39.016	152.62	26.893	35.370	1488.4	-0.72550	82.265	0.14873	supercritical
900.00	479.05	23.320	0.042881	18.500	39.042	152.60	26.898	35.372	1489.7	-0.72532	82.370	0.14891	supercritical
900.00	480.05	23.341	0.042842	18.501	39.068	152.58	26.903	35.375	1491.0	-0.72515	82.476	0.14909	supercritical
900.00	481.05	23.363	0.042804	18.503	39.093	152.56	26.907	35.377	1492.2	-0.72497	82.582	0.14927	supercritical
900.00	482.05	23.384	0.042765	18.504	39.119	152.54	26.912	35.379	1493.5	-0.72480	82.687	0.14946	supercritical
900.00	483.05	23.405	0.042727	18.506	39.145	152.52	26.917	35.381	1494.8	-0.72462	82.793	0.14964	supercritical
900.00	484.05	23.426	0.042688	18.507	39.170	152.50	26.922	35.383	1496.0	-0.72445	82.899	0.14982	supercritical
900.00	485.05	23.447	0.042650	18.508	39.196	152.48	26.927	35.385	1497.3	-0.72427	83.005	0.15000	supercritical
900.00	486.05	23.467	0.042612	18.510	39.222	152.47	26.932	35.387	1498.6	-0.72410	83.111	0.15018	supercritical
900.00	487.05	23.488	0.042574	18.511	39.247	152.45	26.937	35.389	1499.8	-0.72392	83.217	0.15037	supercritical
900.00	488.05	23.509	0.042537	18.513	39.273	152.43	26.942	35.392	1501.1	-0.72375	83.323	0.15055	supercritical
900.00	489.05	23.530	0.042499	18.514	39.298	152.41	26.946	35.394	1502.4	-0.72357	83.429	0.15073	supercritical
900.00	490.05	23.551	0.042462	18.516	39.324	152.39	26.951	35.396	1503.6	-0.72340	83.535	0.15091	supercritical
900.00	491.05	23.571	0.042424	18.517	39.350	152.37	26.956	35.398	1504.9	-0.72322	83.642	0.15109	supercritical
900.00	492.05	23.592	0.042387	18.519	39.375	152.35	26.961	35.400	1506.2	-0.72305	83.748	0.15128	supercritical
900.00	493.05	23.613	0.042350	18.520	39.401	152.33	26.966	35.402	1507.4	-0.72288	83.854	0.15146	supercritical
900.00	494.05	23.633	0.042313	18.522	39.426	152.32	26.971	35.404	1508.7	-0.72270	83.961	0.15164	supercritical
900.00	495.05	23.654	0.042276	18.523	39.452	152.30	26.976	35.406	1509.9	-0.72253	84.067	0.15182	supercritical
900.00	496.05	23.674	0.042240	18.525	39.478	152.28	26.980	35.408	1511.2	-0.72236	84.173	0.15200	supercritical
900.00	497.05	23.695	0.042203	18.526	39.503	152.26	26.985	35.411	1512.4	-0.72218	84.280	0.15218	supercritical
900.00	498.05	23.715	0.042167	18.528	39.529	152.24	26.990	35.413	1513.7	-0.72201	84.387	0.15236	supercritical
900.00	499.05	23.736	0.042130	18.529	39.554	152.22	26.995	35.415	1514.9	-0.72184	84.493	0.15255	supercritical
900.00	500.05	23.756	0.042094	18.531	39.580	152.20	27.000	35.417	1516.2	-0.72166	84.600	0.15273	supercritical
