Temperature (K)	Pressure (MPa)	Density (mol/l)	Volume (l/mol)	Internal Energy (kJ/mol)	Enthalpy (kJ/mol)	Entropy (J/mol*K)	Cv (J/mol*K)	Cp (J/mol*K)	Sound Spd. (m/s)	Joule-Thomson (K/MPa)	Viscosity (uPa*s)	Therm. Cond. (W/m*K)	Phase
198.15	0.050000	0.030382	32.914	4.1061	5.7518	185.45	20.804	29.170	286.84	4.7631	12.812	0.018496	vapor
198.15	1.0500	0.65240	1.5328	4.0021	5.6116	159.62	21.027	30.496	285.35	4.6366	13.063	0.018976	vapor
198.15	2.0500	1.3022	0.76791	3.8949	5.4691	153.51	21.251	31.959	284.37	4.4900	13.348	0.019668	vapor
198.15	3.0500	1.9801	0.50502	3.7844	5.3247	149.66	21.475	33.562	283.99	4.3216	13.675	0.020538	vapor
198.15	4.0500	2.6854	0.37238	3.6711	5.1792	146.75	21.695	35.297	284.32	4.1312	14.050	0.021552	vapor
198.15	4.0500	2.6854	0.37238	3.6711	5.1792	146.75	21.695	35.297	284.32	4.1312	14.050	0.021552	supercritical
198.15	4.0500	2.6854	0.37238	3.6711	5.1792	146.75	21.695	35.297	284.32	4.1312	14.050	0.021552	supercritical
198.15	5.0500	3.4162	0.29272	3.5552	5.0334	144.35	21.909	37.145	285.47	3.9195	14.479	0.022686	supercritical
198.15	6.0500	4.1694	0.23984	3.4374	4.8885	142.28	22.114	39.071	287.55	3.6888	14.970	0.023922	supercritical
198.15	7.0500	4.9399	0.20243	3.3185	4.7457	140.45	22.307	41.022	290.65	3.4426	15.528	0.025248	supercritical
198.15	8.0500	5.7212	0.17479	3.1995	4.6065	138.80	22.483	42.933	294.85	3.1859	16.155	0.026655	supercritical
198.15	9.0500	6.5053	0.15372	3.0814	4.4726	137.29	22.641	44.731	300.19	2.9242	16.852	0.028135	supercritical
198.15	10.050	7.2835	0.13730	2.9656	4.3454	135.92	22.779	46.346	306.67	2.6633	17.617	0.029681	supercritical
198.15	11.050	8.0470	0.12427	2.8529	4.2261	134.66	22.898	47.722	314.23	2.4091	18.443	0.031278	supercritical
198.15	12.050	8.7880	0.11379	2.7445	4.1157	133.50	22.999	48.830	322.78	2.1662	19.320	0.032912	supercritical
198.15	13.050	9.5000	0.10526	2.6410	4.0147	132.44	23.084	49.664	332.19	1.9383	20.238	0.034563	supercritical
198.15	14.050	10.179	0.098244	2.5428	3.9232	131.47	23.156	50.245	342.30	1.7278	21.185	0.036214	supercritical
198.15	15.050	10.822	0.092408	2.4502	3.8409	130.57	23.218	50.603	352.97	1.5355	22.152	0.037850	supercritical
198.15	16.050	11.428	0.087507	2.3631	3.7676	129.75	23.271	50.778	364.03	1.3613	23.129	0.039459	supercritical
198.15	17.050	11.997	0.083351	2.2813	3.7025	128.99	23.317	50.807	375.38	1.2042	24.108	0.041032	supercritical
198.15	18.050	12.532	0.079795	2.2047	3.6450	128.28	23.360	50.725	386.90	1.0629	25.082	0.042565	supercritical
198.15	19.050	13.034	0.076724	2.1328	3.5944	127.63	23.399	50.561	398.50	0.93607	26.049	0.044055	supercritical
198.15	20.050	13.504	0.074050	2.0654	3.5501	127.03	23.436	50.339	410.12	0.82215	27.004	0.045502	supercritical
198.15	21.050	13.946	0.071704	2.0021	3.5114	126.47	23.472	50.078	421.68	0.71977	27.945	0.046907	supercritical
198.15	22.050	14.362	0.069629	1.9425	3.4778	125.94	23.507	49.793	433.16	0.62766	28.870	0.048273	supercritical
198.15	23.050	14.753	0.067783	1.8864	3.4488	125.45	23.541	49.495	444.50	0.54464	29.779	0.049601	supercritical
198.15	24.050	15.122	0.066128	1.8334	3.4238	124.98	23.576	49.193	455.68	0.46969	30.672	0.050895	supercritical
198.15	25.050	15.471	0.064637	1.7833	3.4024	124.55	23.610	48.893	466.69	0.40185	31.549	0.052157	supercritical
198.15	26.050	15.802	0.063285	1.7358	3.3844	124.13	23.645	48.597	477.51	0.34030	32.410	0.053389	supercritical
198.15	27.050	16.115	0.062053	1.6907	3.3693	123.74	23.680	48.310	488.14	0.28431	33.255	0.054595	supercritical
198.15	28.050	16.413	0.060926	1.6478	3.3568	123.37	23.715	48.033	498.57	0.23324	34.085	0.055775	supercritical
198.15	29.050	16.697	0.059890	1.6070	3.3468	123.01	23.750	47.765	508.80	0.18653	34.901	0.056933	supercritical
198.15	30.050	16.968	0.058933	1.5680	3.3389	122.67	23.786	47.509	518.84	0.14369	35.702	0.058069	supercritical
198.15	31.050	17.227	0.058047	1.5307	3.3331	122.35	23.821	47.263	528.68	0.10429	36.491	0.059186	supercritical
198.15	32.050	17.475	0.057223	1.4950	3.3290	122.04	23.857	47.029	538.34	0.067968	37.267	0.060285	supercritical
198.15	33.050	17.713	0.056455	1.4608	3.3266	121.74	23.893	46.804	547.82	0.034398	38.031	0.061366	supercritical
198.15	34.050	17.942	0.055736	1.4279	3.3257	121.45	23.929	46.590	557.11	0.0032997	38.784	0.062432	supercritical
198.15	35.050	18.161	0.055062	1.3963	3.3263	121.17	23.965	46.386	566.24	-0.025572	39.525	0.063483	supercritical
198.15	36.050	18.373	0.054428	1.3659	3.3281	120.91	24.001	46.191	575.20	-0.052432	40.257	0.064520	supercritical
198.15	37.050	18.577	0.053831	1.3367	3.3311	120.65	24.038	46.005	583.99	-0.077469	40.978	0.065544	supercritical
198.15	38.050	18.774	0.053266	1.3084	3.3352	120.40	24.074	45.827	592.63	-0.10085	41.690	0.066556	supercritical
198.15	39.050	18.964	0.052732	1.2811	3.3403	120.16	24.110	45.657	601.12	-0.12273	42.393	0.067555	supercritical
198.15	40.050	19.148	0.052225	1.2548	3.3464	119.92	24.146	45.495	609.46	-0.14323	43.088	0.068544	supercritical
198.15	41.050	19.326	0.051743	1.2292	3.3533	119.70	24.182	45.340	617.66	-0.16246	43.775	0.069521	supercritical
198.15	42.050	19.499	0.051285	1.2045	3.3611	119.47	24.218	45.192	625.72	-0.18055	44.453	0.070489	supercritical
198.15	43.050	19.667	0.050848	1.1806	3.3696	119.26	24.254	45.051	633.65	-0.19757	45.125	0.071446	supercritical
198.15	44.050	19.829	0.050430	1.1574	3.3789	119.05	24.289	44.916	641.45	-0.21361	45.789	0.072394	supercritical
198.15	45.050	19.987	0.050031	1.1349	3.3888	118.85	24.325	44.786	649.13	-0.22875	46.447	0.073333	supercritical
198.15	46.050	20.141	0.049649	1.1130	3.3993	118.65	24.360	44.662	656.68	-0.24306	47.098	0.074264	supercritical
198.15	47.050	20.291	0.049283	1.0917	3.4105	118.46	24.396	44.543	664.12	-0.25659	47.743	0.075186	supercritical
198.15	48.050	20.437	0.048931	1.0711	3.4222	118.27	24.431	44.429	671.45	-0.26941	48.381	0.076099	supercritical
198.15	49.050	20.579	0.048593	1.0509	3.4344	118.08	24.466	44.320	678.66	-0.28156	49.015	0.077005	supercritical
198.15	50.050	20.718	0.048268	1.0313	3.4471	117.90	24.501	44.216	685.77	-0.29309	49.643	0.077903	supercritical
198.15	51.050	20.853	0.047954	1.0123	3.4603	117.73	24.536	44.115	692.78	-0.30404	50.265	0.078794	supercritical
198.15	52.050	20.985	0.047652	0.99365	3.4740	117.55	24.570	44.019	699.69	-0.31446	50.883	0.079678	supercritical
198.15	53.050	21.114	0.047361	0.97550	3.4880	117.39	24.605	43.926	706.50	-0.32437	51.496	0.080555	supercritical
198.15	54.050	21.241	0.047079	0.95780	3.5024	117.22	24.639	43.837	713.22	-0.33381	52.104	0.081425	supercritical
198.15	55.050	21.364	0.046807	0.94052	3.5173	117.06	24.673	43.752	719.84	-0.34280	52.708	0.082288	supercritical
198.15	56.050	21.485	0.046544	0.92365	3.5324	116.90	24.707	43.670	726.38	-0.35139	53.307	0.083145	supercritical
198.15	57.050	21.603	0.046289	0.90716	3.5479	116.74	24.741	43.591	732.84	-0.35958	53.903	0.083995	supercritical
198.15	58.050	21.719	0.046042	0.89104	3.5638	116.59	24.774	43.515	739.21	-0.36741	54.494	0.084840	supercritical
198.15	59.050	21.833	0.045802	0.87529	3.5799	116.44	24.808	43.441	745.50	-0.37489	55.082	0.085678	supercritical
198.15	60.050	21.944	0.045570	0.85987	3.5963	116.29	24.841	43.371	751.71	-0.38205	55.666	0.086511	supercritical
198.15	61.050	22.054	0.045344	0.84479	3.6130	116.15	24.874	43.303	757.84	-0.38891	56.246	0.087338	supercritical
198.15	62.050	22.161	0.045125	0.83003	3.6300	116.00	24.907	43.238	763.90	-0.39547	56.824	0.088159	supercritical
198.15	63.050	22.266	0.044912	0.81557	3.6472	115.86	24.940	43.175	769.89	-0.40176	57.397	0.088975	supercritical
198.15	64.050	22.369	0.044704	0.80141	3.6647	115.73	24.972	43.114	775.80	-0.40780	57.968	0.089785	supercritical
198.15	65.050	22.471	0.044502	0.78754	3.6824	115.59	25.004	43.055	781.65	-0.41359	58.535	0.090590	supercritical
198.15	66.050	22.571	0.044306	0.77394	3.7003	115.46	25.037	42.999	787.44	-0.41915	59.100	0.091390	supercritical
198.15	67.050	22.669	0.044114	0.76061	3.7184	115.32	25.069	42.944	793.15	-0.42448	59.662	0.092185	supercritical
198.15	68.050	22.765	0.043927	0.74753	3.7368	115.20	25.100	42.891	798.81	-0.42961	60.221	0.092975	supercritical
198.15	69.050	22.860	0.043745	0.73471	3.7553	115.07	25.132	42.840	804.40	-0.43455	60.777	0.093760	supercritical
198.15	70.050	22.953	0.043567	0.72212	3.7740	114.94	25.163	42.791	809.93	-0.43929	61.331	0.094540	supercritical
198.15	71.050	23.045	0.043394	0.70977	3.7929	114.82	25.195	42.744	815.40	-0.44385	61.882	0.095316	supercritical
198.15	72.050	23.135	0.043224	0.69765	3.8119	114.69	25.226	42.698	820.82	-0.44825	62.431	0.096087	supercritical
198.15	73.050	23.224	0.043058	0.68575	3.8312	114.57	25.257	42.654	826.18	-0.45248	62.977	0.096853	supercritical
198.15	74.050	23.312	0.042897	0.67406	3.8505	114.46	25.288	42.611	831.49	-0.45656	63.521	0.097615	supercritical
198.15	75.050	23.398	0.042738	0.66257	3.8701	114.34	25.318	42.569	836.74	-0.46049	64.063	0.098373	supercritical
198.15	76.050	23.483	0.042583	0.65129	3.8897	114.22	25.349	42.529	841.94	-0.46428	64.603	0.099126	supercritical
198.15	77.050	23.567	0.042432	0.64020	3.9096	114.11	25.379	42.490	847.09	-0.46793	65.141	0.099875	supercritical
198.15	78.050	23.650	0.042283	0.62929	3.9295	113.99	25.409	42.453	852.19	-0.47146	65.676	0.10062	supercritical
198.15	79.050	23.732	0.042138	0.61858	3.9496	113.88	25.439	42.417	857.24	-0.47486	66.210	0.10136	supercritical
198.15	80.050	23.812	0.041996	0.60804	3.9698	113.77	25.469	42.382	862.24	-0.47815	66.742	0.10210	supercritical
198.15	81.050	23.891	0.041856	0.59767	3.9901	113.66	25.498	42.348	867.20	-0.48132	67.272	0.10283	supercritical
198.15	82.050	23.970	0.041719	0.58748	4.0106	113.56	25.528	42.315	872.11	-0.48438	67.800	0.10356	supercritical
198.15	83.050	24.047	0.041585	0.57745	4.0311	113.45	25.557	42.283	876.97	-0.48735	68.327	0.10428	supercritical
198.15	84.050	24.123	0.041454	0.56758	4.0518	113.34	25.586	42.252	881.80	-0.49021	68.852	0.10500	supercritical
198.15	85.050	24.199	0.041325	0.55786	4.0725	113.24	25.615	42.222	886.58	-0.49298	69.375	0.10572	supercritical
198.15	86.050	24.273	0.041198	0.54830	4.0934	113.14	25.644	42.193	891.32	-0.49565	69.897	0.10644	supercritical
198.15	87.050	24.346	0.041074	0.53889	4.1144	113.03	25.673	42.165	896.01	-0.49824	70.417	0.10715	supercritical
198.15	88.050	24.419	0.040952	0.52962	4.1354	112.93	25.702	42.138	900.67	-0.50075	70.935	0.10785	supercritical
198.15	89.050	24.491	0.040832	0.52049	4.1566	112.83	25.730	42.112	905.29	-0.50317	71.452	0.10855	supercritical
198.15	90.050	24.562	0.040714	0.51150	4.1778	112.74	25.758	42.086	909.87	-0.50552	71.968	0.10925	supercritical
198.15	91.050	24.632	0.040598	0.50265	4.1991	112.64	25.786	42.062	914.41	-0.50779	72.482	0.10995	supercritical
198.15	92.050	24.701	0.040484	0.49392	4.2205	112.54	25.814	42.038	918.91	-0.50999	72.995	0.11064	supercritical
198.15	93.050	24.769	0.040372	0.48533	4.2420	112.45	25.842	42.015	923.38	-0.51212	73.507	0.11133	supercritical
198.15	94.050	24.837	0.040262	0.47686	4.2635	112.35	25.870	41.992	927.81	-0.51419	74.018	0.11202	supercritical
198.15	95.050	24.904	0.040154	0.46851	4.2852	112.26	25.898	41.971	932.21	-0.51619	74.527	0.11270	supercritical
198.15	96.050	24.970	0.040048	0.46028	4.3069	112.16	25.925	41.950	936.57	-0.51813	75.035	0.11338	supercritical
198.15	97.050	25.036	0.039943	0.45217	4.3286	112.07	25.952	41.929	940.90	-0.52000	75.542	0.11405	supercritical
198.15	98.050	25.100	0.039840	0.44418	4.3505	111.98	25.979	41.910	945.20	-0.52183	76.047	0.11472	supercritical
198.15	99.050	25.165	0.039738	0.43629	4.3724	111.89	26.006	41.890	949.46	-0.52359	76.552	0.11539	supercritical
198.15	100.05	25.228	0.039638	0.42852	4.3943	111.80	26.033	41.872	953.69	-0.52530	77.055	0.11606	supercritical
198.15	101.05	25.291	0.039540	0.42085	4.4164	111.71	26.060	41.854	957.89	-0.52696	77.558	0.11672	supercritical
198.15	102.05	25.353	0.039443	0.41329	4.4385	111.63	26.087	41.836	962.06	-0.52857	78.059	0.11738	supercritical
198.15	103.05	25.415	0.039348	0.40583	4.4606	111.54	26.113	41.820	966.20	-0.53014	78.560	0.11804	supercritical
198.15	104.05	25.476	0.039253	0.39848	4.4828	111.45	26.140	41.803	970.31	-0.53165	79.059	0.11869	supercritical
198.15	105.05	25.536	0.039161	0.39122	4.5050	111.37	26.166	41.787	974.39	-0.53312	79.557	0.11934	supercritical
198.15	106.05	25.596	0.039069	0.38406	4.5273	111.28	26.192	41.772	978.44	-0.53455	80.055	0.11998	supercritical
198.15	107.05	25.655	0.038979	0.37699	4.5497	111.20	26.218	41.757	982.46	-0.53593	80.552	0.12061	supercritical
198.15	108.05	25.713	0.038890	0.37002	4.5721	111.11	26.244	41.743	986.46	-0.53728	81.048	0.12126	supercritical
198.15	109.05	25.771	0.038803	0.36313	4.5946	111.03	26.270	41.729	990.43	-0.53858	81.542	0.12190	supercritical
198.15	110.05	25.829	0.038716	0.35634	4.6171	110.95	26.296	41.716	994.37	-0.53985	82.037	0.12255	supercritical
198.15	111.05	25.886	0.038631	0.34964	4.6396	110.87	26.321	41.703	998.28	-0.54108	82.530	0.12318	supercritical
198.15	112.05	25.943	0.038547	0.34302	4.6622	110.79	26.347	41.690	1002.2	-0.54227	83.022	0.12382	supercritical
198.15	113.05	25.999	0.038464	0.33648	4.6848	110.71	26.372	41.678	1006.0	-0.54343	83.514	0.12445	supercritical
198.15	114.05	26.054	0.038382	0.33003	4.7075	110.63	26.397	41.666	1009.9	-0.54456	84.005	0.12508	supercritical
198.15	115.05	26.109	0.038301	0.32366	4.7302	110.55	26.422	41.654	1013.7	-0.54565	84.495	0.12571	supercritical
198.15	116.05	26.164	0.038221	0.31738	4.7529	110.47	26.447	41.643	1017.5	-0.54671	84.985	0.12634	supercritical
198.15	117.05	26.218	0.038142	0.31117	4.7757	110.39	26.472	41.633	1021.2	-0.54774	85.474	0.12696	supercritical
198.15	118.05	26.271	0.038064	0.30503	4.7985	110.32	26.497	41.622	1025.0	-0.54874	85.962	0.12758	supercritical
198.15	119.05	26.324	0.037988	0.29897	4.8214	110.24	26.522	41.612	1028.7	-0.54971	86.450	0.12820	supercritical
198.15	120.05	26.377	0.037912	0.29299	4.8443	110.16	26.546	41.603	1032.4	-0.55066	86.937	0.12882	supercritical
198.15	121.05	26.429	0.037837	0.28708	4.8672	110.09	26.571	41.593	1036.0	-0.55157	87.423	0.12943	supercritical
198.15	122.05	26.481	0.037763	0.28125	4.8902	110.01	26.595	41.585	1039.7	-0.55247	87.909	0.13004	supercritical
198.15	123.05	26.533	0.037689	0.27548	4.9132	109.94	26.619	41.576	1043.3	-0.55333	88.394	0.13065	supercritical
198.15	124.05	26.584	0.037617	0.26978	4.9362	109.86	26.643	41.567	1046.9	-0.55417	88.878	0.13125	supercritical
198.15	125.05	26.634	0.037546	0.26415	4.9592	109.79	26.667	41.559	1050.5	-0.55499	89.362	0.13186	supercritical
198.15	126.05	26.684	0.037475	0.25859	4.9823	109.72	26.691	41.552	1054.1	-0.55578	89.845	0.13246	supercritical
198.15	127.05	26.734	0.037405	0.25310	5.0054	109.65	26.715	41.544	1057.6	-0.55655	90.328	0.13306	supercritical
198.15	128.05	26.784	0.037336	0.24767	5.0286	109.57	26.739	41.537	1061.1	-0.55729	90.811	0.13366	supercritical
198.15	129.05	26.833	0.037268	0.24230	5.0517	109.50	26.763	41.530	1064.6	-0.55802	91.292	0.13425	supercritical
198.15	130.05	26.881	0.037200	0.23700	5.0749	109.43	26.786	41.523	1068.1	-0.55873	91.774	0.13484	supercritical
198.15	131.05	26.930	0.037134	0.23176	5.0981	109.36	26.810	41.517	1071.6	-0.55941	92.255	0.13543	supercritical
198.15	132.05	26.978	0.037068	0.22658	5.1214	109.29	26.833	41.511	1075.0	-0.56007	92.735	0.13602	supercritical
198.15	133.05	27.025	0.037002	0.22146	5.1446	109.22	26.856	41.505	1078.4	-0.56072	93.215	0.13661	supercritical
198.15	134.05	27.073	0.036938	0.21640	5.1679	109.15	26.879	41.499	1081.8	-0.56135	93.694	0.13719	supercritical
198.15	135.05	27.120	0.036874	0.21140	5.1912	109.08	26.902	41.493	1085.2	-0.56195	94.173	0.13777	supercritical
198.15	136.05	27.166	0.036811	0.20646	5.2145	109.02	26.925	41.488	1088.6	-0.56254	94.652	0.13835	supercritical
198.15	137.05	27.212	0.036748	0.20157	5.2379	108.95	26.948	41.483	1091.9	-0.56312	95.130	0.13893	supercritical
198.15	138.05	27.258	0.036686	0.19674	5.2613	108.88	26.971	41.478	1095.3	-0.56367	95.608	0.13951	supercritical
198.15	139.05	27.304	0.036625	0.19197	5.2846	108.81	26.994	41.474	1098.6	-0.56421	96.085	0.14008	supercritical
198.15	140.05	27.349	0.036564	0.18724	5.3081	108.75	27.017	41.469	1101.9	-0.56474	96.563	0.14065	supercritical
198.15	141.05	27.394	0.036504	0.18258	5.3315	108.68	27.039	41.465	1105.1	-0.56524	97.039	0.14122	supercritical
198.15	142.05	27.439	0.036445	0.17796	5.3549	108.62	27.062	41.461	1108.4	-0.56574	97.516	0.14179	supercritical
198.15	143.05	27.483	0.036386	0.17340	5.3784	108.55	27.084	41.457	1111.6	-0.56622	97.992	0.14235	supercritical
198.15	144.05	27.527	0.036328	0.16888	5.4019	108.48	27.106	41.453	1114.9	-0.56668	98.467	0.14292	supercritical
198.15	145.05	27.571	0.036270	0.16442	5.4254	108.42	27.128	41.450	1118.1	-0.56713	98.942	0.14348	supercritical
198.15	146.05	27.615	0.036213	0.16001	5.4489	108.36	27.150	41.447	1121.3	-0.56756	99.417	0.14404	supercritical
198.15	147.05	27.658	0.036156	0.15565	5.4724	108.29	27.173	41.444	1124.5	-0.56799	99.892	0.14460	supercritical
198.15	148.05	27.701	0.036100	0.15133	5.4960	108.23	27.194	41.441	1127.6	-0.56840	100.37	0.14515	supercritical
198.15	149.05	27.743	0.036045	0.14706	5.5195	108.17	27.216	41.438	1130.8	-0.56879	100.84	0.14571	supercritical
198.15	150.05	27.786	0.035990	0.14284	5.5431	108.10	27.238	41.435	1133.9	-0.56918	101.31	0.14626	supercritical
198.15	151.05	27.828	0.035935	0.13867	5.5667	108.04	27.260	41.433	1137.0	-0.56955	101.79	0.14681	supercritical
198.15	152.05	27.870	0.035881	0.13454	5.5903	107.98	27.281	41.431	1140.1	-0.56991	102.26	0.14736	supercritical
198.15	153.05	27.911	0.035828	0.13046	5.6139	107.92	27.303	41.429	1143.2	-0.57026	102.73	0.14791	supercritical
198.15	154.05	27.953	0.035775	0.12642	5.6376	107.86	27.324	41.427	1146.3	-0.57060	103.21	0.14845	supercritical
198.15	155.05	27.994	0.035722	0.12243	5.6612	107.79	27.346	41.425	1149.3	-0.57092	103.68	0.14900	supercritical
198.15	156.05	28.034	0.035670	0.11848	5.6849	107.73	27.367	41.423	1152.4	-0.57124	104.15	0.14954	supercritical
198.15	157.05	28.075	0.035619	0.11457	5.7085	107.67	27.388	41.422	1155.4	-0.57154	104.62	0.15008	supercritical
198.15	158.05	28.115	0.035568	0.11070	5.7322	107.61	27.410	41.420	1158.4	-0.57184	105.10	0.15062	supercritical
198.15	159.05	28.155	0.035517	0.10688	5.7559	107.55	27.431	41.419	1161.4	-0.57212	105.57	0.15116	supercritical
198.15	160.05	28.195	0.035467	0.10310	5.7796	107.49	27.452	41.418	1164.4	-0.57240	106.04	0.15169	supercritical
198.15	161.05	28.235	0.035417	0.099356	5.8033	107.43	27.473	41.417	1167.4	-0.57267	106.51	0.15222	supercritical
198.15	162.05	28.274	0.035368	0.095655	5.8270	107.38	27.493	41.416	1170.3	-0.57292	106.98	0.15276	supercritical
198.15	163.05	28.313	0.035319	0.091993	5.8508	107.32	27.514	41.415	1173.3	-0.57317	107.45	0.15329	supercritical
198.15	164.05	28.352	0.035271	0.088371	5.8745	107.26	27.535	41.414	1176.2	-0.57341	107.92	0.15382	supercritical
198.15	165.05	28.391	0.035223	0.084787	5.8983	107.20	27.556	41.414	1179.1	-0.57364	108.39	0.15434	supercritical
198.15	166.05	28.429	0.035175	0.081242	5.9220	107.14	27.576	41.414	1182.0	-0.57386	108.86	0.15487	supercritical
198.15	167.05	28.468	0.035128	0.077735	5.9458	107.09	27.597	41.413	1184.9	-0.57407	109.33	0.15539	supercritical
198.15	168.05	28.506	0.035081	0.074265	5.9696	107.03	27.617	41.413	1187.8	-0.57428	109.80	0.15592	supercritical
198.15	169.05	28.544	0.035034	0.070833	5.9934	106.97	27.637	41.413	1190.7	-0.57448	110.27	0.15644	supercritical
198.15	170.05	28.581	0.034988	0.067436	6.0172	106.91	27.658	41.413	1193.5	-0.57467	110.74	0.15696	supercritical
198.15	171.05	28.619	0.034942	0.064076	6.0410	106.86	27.678	41.413	1196.4	-0.57485	111.21	0.15747	supercritical
198.15	172.05	28.656	0.034897	0.060752	6.0648	106.80	27.698	41.414	1199.2	-0.57502	111.68	0.15799	supercritical
198.15	173.05	28.693	0.034852	0.057463	6.0886	106.75	27.718	41.414	1202.0	-0.57519	112.15	0.15850	supercritical
198.15	174.05	28.730	0.034807	0.054208	6.1124	106.69	27.738	41.414	1204.8	-0.57535	112.62	0.15902	supercritical
198.15	175.05	28.766	0.034763	0.050989	6.1362	106.64	27.758	41.415	1207.6	-0.57550	113.09	0.15953	supercritical
198.15	176.05	28.803	0.034719	0.047803	6.1601	106.58	27.778	41.416	1210.4	-0.57565	113.56	0.16004	supercritical
198.15	177.05	28.839	0.034675	0.044651	6.1839	106.53	27.798	41.416	1213.2	-0.57579	114.03	0.16055	supercritical
198.15	178.05	28.875	0.034632	0.041532	6.2078	106.47	27.818	41.417	1215.9	-0.57592	114.50	0.16106	supercritical
198.15	179.05	28.911	0.034589	0.038446	6.2316	106.42	27.837	41.418	1218.7	-0.57605	114.96	0.16156	supercritical
198.15	180.05	28.947	0.034546	0.035393	6.2555	106.36	27.857	41.419	1221.4	-0.57617	115.43	0.16207	supercritical
198.15	181.05	28.982	0.034504	0.032372	6.2794	106.31	27.877	41.420	1224.1	-0.57629	115.90	0.16257	supercritical
198.15	182.05	29.017	0.034462	0.029383	6.3032	106.26	27.896	41.421	1226.8	-0.57640	116.37	0.16307	supercritical
198.15	183.05	29.052	0.034421	0.026426	6.3271	106.20	27.915	41.423	1229.6	-0.57650	116.84	0.16357	supercritical
198.15	184.05	29.087	0.034379	0.023500	6.3510	106.15	27.935	41.424	1232.2	-0.57660	117.31	0.16407	supercritical
198.15	185.05	29.122	0.034338	0.020604	6.3749	106.10	27.954	41.425	1234.9	-0.57669	117.77	0.16457	supercritical
198.15	186.05	29.157	0.034297	0.017739	6.3988	106.04	27.973	41.427	1237.6	-0.57678	118.24	0.16507	supercritical
198.15	187.05	29.191	0.034257	0.014904	6.4227	105.99	27.993	41.428	1240.3	-0.57686	118.71	0.16556	supercritical
198.15	188.05	29.225	0.034217	0.012100	6.4466	105.94	28.012	41.430	1242.9	-0.57693	119.18	0.16605	supercritical
198.15	189.05	29.260	0.034177	0.0093243	6.4705	105.89	28.031	41.432	1245.6	-0.57700	119.65	0.16655	supercritical
198.15	190.05	29.293	0.034137	0.0065783	6.4944	105.84	28.050	41.434	1248.2	-0.57707	120.11	0.16704	supercritical
198.15	191.05	29.327	0.034098	0.0038612	6.5183	105.78	28.069	41.435	1250.8	-0.57713	120.58	0.16753	supercritical
198.15	192.05	29.361	0.034059	0.0011728	6.5422	105.73	28.088	41.437	1253.4	-0.57719	121.05	0.16802	supercritical
198.15	193.05	29.394	0.034020	-0.0014872	6.5661	105.68	28.107	41.439	1256.0	-0.57724	121.52	0.16850	supercritical
198.15	194.05	29.428	0.033982	-0.0041192	6.5900	105.63	28.125	41.441	1258.6	-0.57728	121.99	0.16899	supercritical
198.15	195.05	29.461	0.033944	-0.0067233	6.6140	105.58	28.144	41.444	1261.2	-0.57733	122.45	0.16947	supercritical
198.15	196.05	29.494	0.033906	-0.0093000	6.6379	105.53	28.163	41.446	1263.8	-0.57736	122.92	0.16996	supercritical
198.15	197.05	29.526	0.033868	-0.011849	6.6618	105.48	28.181	41.448	1266.3	-0.57740	123.39	0.17044	supercritical
198.15	198.05	29.559	0.033831	-0.014372	6.6858	105.43	28.200	41.450	1268.9	-0.57743	123.86	0.17092	supercritical
198.15	199.05	29.592	0.033793	-0.016868	6.7097	105.38	28.218	41.453	1271.4	-0.57745	124.33	0.17140	supercritical
198.15	200.05	29.624	0.033756	-0.019337	6.7336	105.33	28.237	41.455	1274.0	-0.57747	124.79	0.17188	supercritical
198.15	201.05	29.656	0.033720	-0.021780	6.7576	105.28	28.255	41.458	1276.5	-0.57749	125.26	0.17235	supercritical
198.15	202.05	29.688	0.033683	-0.024197	6.7815	105.23	28.274	41.460	1279.0	-0.57750	125.73	0.17283	supercritical
198.15	203.05	29.720	0.033647	-0.026589	6.8055	105.18	28.292	41.463	1281.5	-0.57751	126.20	0.17330	supercritical
198.15	204.05	29.752	0.033611	-0.028955	6.8294	105.13	28.310	41.466	1284.0	-0.57752	126.66	0.17378	supercritical
198.15	205.05	29.784	0.033575	-0.031296	6.8534	105.08	28.328	41.468	1286.5	-0.57752	127.13	0.17425	supercritical
198.15	206.05	29.815	0.033540	-0.033612	6.8773	105.04	28.346	41.471	1289.0	-0.57752	127.60	0.17472	supercritical
198.15	207.05	29.847	0.033505	-0.035904	6.9013	104.99	28.364	41.474	1291.5	-0.57751	128.07	0.17519	supercritical
198.15	208.05	29.878	0.033470	-0.038171	6.9252	104.94	28.382	41.477	1293.9	-0.57750	128.53	0.17566	supercritical
198.15	209.05	29.909	0.033435	-0.040413	6.9492	104.89	28.400	41.480	1296.4	-0.57749	129.00	0.17613	supercritical
198.15	210.05	29.940	0.033400	-0.042632	6.9731	104.84	28.418	41.483	1298.8	-0.57748	129.47	0.17659	supercritical
198.15	211.05	29.971	0.033366	-0.044827	6.9971	104.80	28.436	41.486	1301.3	-0.57746	129.94	0.17706	supercritical
198.15	212.05	30.001	0.033332	-0.046998	7.0210	104.75	28.454	41.489	1303.7	-0.57744	130.41	0.17752	supercritical
198.15	213.05	30.032	0.033298	-0.049146	7.0450	104.70	28.472	41.492	1306.1	-0.57741	130.87	0.17799	supercritical
198.15	214.05	30.062	0.033264	-0.051271	7.0689	104.65	28.489	41.495	1308.5	-0.57738	131.34	0.17845	supercritical
198.15	215.05	30.093	0.033231	-0.053373	7.0929	104.61	28.507	41.499	1310.9	-0.57735	131.81	0.17891	supercritical
198.15	216.05	30.123	0.033197	-0.055453	7.1169	104.56	28.525	41.502	1313.3	-0.57732	132.28	0.17937	supercritical
198.15	217.05	30.153	0.033164	-0.057509	7.1408	104.51	28.542	41.505	1315.7	-0.57728	132.75	0.17983	supercritical
198.15	218.05	30.183	0.033132	-0.059544	7.1648	104.47	28.560	41.509	1318.1	-0.57724	133.22	0.18029	supercritical
198.15	219.05	30.213	0.033099	-0.061556	7.1887	104.42	28.577	41.512	1320.5	-0.57720	133.68	0.18074	supercritical
198.15	220.05	30.242	0.033066	-0.063547	7.2127	104.38	28.594	41.515	1322.8	-0.57715	134.15	0.18120	supercritical
198.15	221.05	30.272	0.033034	-0.065516	7.2367	104.33	28.612	41.519	1325.2	-0.57711	134.62	0.18165	supercritical
198.15	222.05	30.301	0.033002	-0.067463	7.2606	104.28	28.629	41.522	1327.5	-0.57706	135.09	0.18211	supercritical
198.15	223.05	30.331	0.032970	-0.069389	7.2846	104.24	28.646	41.526	1329.9	-0.57700	135.56	0.18256	supercritical
198.15	224.05	30.360	0.032938	-0.071294	7.3086	104.19	28.664	41.530	1332.2	-0.57695	136.03	0.18301	supercritical
198.15	225.05	30.389	0.032907	-0.073177	7.3325	104.15	28.681	41.533	1334.5	-0.57689	136.49	0.18346	supercritical
198.15	226.05	30.418	0.032876	-0.075040	7.3565	104.10	28.698	41.537	1336.9	-0.57683	136.96	0.18391	supercritical
198.15	227.05	30.447	0.032844	-0.076883	7.3804	104.06	28.715	41.541	1339.2	-0.57677	137.43	0.18436	supercritical
198.15	228.05	30.475	0.032813	-0.078705	7.4044	104.01	28.732	41.544	1341.5	-0.57670	137.90	0.18480	supercritical
198.15	229.05	30.504	0.032783	-0.080507	7.4283	103.97	28.749	41.548	1343.8	-0.57663	138.37	0.18525	supercritical
198.15	230.05	30.533	0.032752	-0.082289	7.4523	103.92	28.766	41.552	1346.1	-0.57656	138.84	0.18570	supercritical
198.15	231.05	30.561	0.032722	-0.084050	7.4763	103.88	28.783	41.556	1348.4	-0.57649	139.31	0.18614	supercritical
198.15	232.05	30.589	0.032691	-0.085792	7.5002	103.84	28.799	41.560	1350.6	-0.57642	139.78	0.18658	supercritical
198.15	233.05	30.617	0.032661	-0.087515	7.5242	103.79	28.816	41.564	1352.9	-0.57634	140.25	0.18702	supercritical
198.15	234.05	30.645	0.032631	-0.089218	7.5481	103.75	28.833	41.568	1355.2	-0.57626	140.72	0.18747	supercritical
198.15	235.05	30.673	0.032602	-0.090902	7.5721	103.70	28.850	41.572	1357.4	-0.57618	141.19	0.18791	supercritical
198.15	236.05	30.701	0.032572	-0.092567	7.5960	103.66	28.866	41.576	1359.7	-0.57610	141.66	0.18834	supercritical
198.15	237.05	30.729	0.032542	-0.094213	7.6200	103.62	28.883	41.580	1361.9	-0.57602	142.13	0.18878	supercritical
198.15	238.05	30.757	0.032513	-0.095840	7.6439	103.57	28.899	41.584	1364.1	-0.57593	142.60	0.18922	supercritical
198.15	239.05	30.784	0.032484	-0.097448	7.6679	103.53	28.916	41.588	1366.4	-0.57584	143.07	0.18966	supercritical
198.15	240.05	30.812	0.032455	-0.099038	7.6918	103.49	28.932	41.592	1368.6	-0.57575	143.54	0.19009	supercritical
198.15	241.05	30.839	0.032426	-0.10061	7.7158	103.45	28.949	41.596	1370.8	-0.57566	144.01	0.19053	supercritical
198.15	242.05	30.866	0.032398	-0.10216	7.7397	103.40	28.965	41.601	1373.0	-0.57557	144.48	0.19096	supercritical
198.15	243.05	30.893	0.032369	-0.10370	7.7637	103.36	28.982	41.605	1375.2	-0.57547	144.95	0.19139	supercritical
198.15	244.05	30.920	0.032341	-0.10522	7.7876	103.32	28.998	41.609	1377.4	-0.57537	145.42	0.19182	supercritical
198.15	245.05	30.947	0.032313	-0.10672	7.8115	103.28	29.014	41.613	1379.6	-0.57527	145.89	0.19225	supercritical
198.15	246.05	30.974	0.032285	-0.10820	7.8355	103.23	29.030	41.618	1381.8	-0.57517	146.36	0.19268	supercritical
198.15	247.05	31.001	0.032257	-0.10966	7.8594	103.19	29.047	41.622	1383.9	-0.57507	146.83	0.19311	supercritical
198.15	248.05	31.028	0.032229	-0.11111	7.8834	103.15	29.063	41.626	1386.1	-0.57497	147.30	0.19354	supercritical
198.15	249.05	31.054	0.032202	-0.11254	7.9073	103.11	29.079	41.631	1388.3	-0.57486	147.77	0.19397	supercritical
198.15	250.05	31.081	0.032174	-0.11395	7.9312	103.07	29.095	41.635	1390.4	-0.57476	148.24	0.19439	supercritical
198.15	251.05	31.107	0.032147	-0.11535	7.9551	103.02	29.111	41.640	1392.6	-0.57465	148.71	0.19482	supercritical
198.15	252.05	31.133	0.032120	-0.11673	7.9791	102.98	29.127	41.644	1394.7	-0.57454	149.19	0.19524	supercritical
198.15	253.05	31.160	0.032093	-0.11809	8.0030	102.94	29.143	41.649	1396.9	-0.57443	149.66	0.19567	supercritical
198.15	254.05	31.186	0.032066	-0.11944	8.0269	102.90	29.159	41.653	1399.0	-0.57431	150.13	0.19609	supercritical
198.15	255.05	31.212	0.032039	-0.12077	8.0508	102.86	29.175	41.658	1401.1	-0.57420	150.60	0.19651	supercritical
198.15	256.05	31.238	0.032013	-0.12208	8.0748	102.82	29.190	41.662	1403.2	-0.57409	151.07	0.19693	supercritical
198.15	257.05	31.263	0.031986	-0.12338	8.0987	102.78	29.206	41.667	1405.3	-0.57397	151.55	0.19735	supercritical
198.15	258.05	31.289	0.031960	-0.12466	8.1226	102.74	29.222	41.671	1407.5	-0.57385	152.02	0.19777	supercritical
198.15	259.05	31.315	0.031934	-0.12593	8.1465	102.70	29.238	41.676	1409.6	-0.57373	152.49	0.19819	supercritical
198.15	260.05	31.340	0.031908	-0.12718	8.1704	102.66	29.253	41.681	1411.6	-0.57361	152.96	0.19861	supercritical
198.15	261.05	31.366	0.031882	-0.12841	8.1943	102.62	29.269	41.685	1413.7	-0.57349	153.44	0.19903	supercritical
198.15	262.05	31.391	0.031856	-0.12963	8.2182	102.58	29.284	41.690	1415.8	-0.57337	153.91	0.19944	supercritical
198.15	263.05	31.417	0.031830	-0.13083	8.2421	102.53	29.300	41.695	1417.9	-0.57324	154.38	0.19986	supercritical
198.15	264.05	31.442	0.031805	-0.13202	8.2660	102.50	29.315	41.699	1420.0	-0.57312	154.86	0.20027	supercritical
198.15	265.05	31.467	0.031779	-0.13319	8.2899	102.46	29.331	41.704	1422.0	-0.57299	155.33	0.20068	supercritical
198.15	266.05	31.492	0.031754	-0.13435	8.3138	102.42	29.346	41.709	1424.1	-0.57286	155.80	0.20110	supercritical
198.15	267.05	31.517	0.031729	-0.13549	8.3377	102.38	29.362	41.713	1426.2	-0.57273	156.28	0.20151	supercritical
198.15	268.05	31.542	0.031704	-0.13662	8.3616	102.34	29.377	41.718	1428.2	-0.57260	156.75	0.20192	supercritical
198.15	269.05	31.567	0.031679	-0.13773	8.3855	102.30	29.392	41.723	1430.2	-0.57247	157.22	0.20233	supercritical
198.15	270.05	31.591	0.031654	-0.13883	8.4094	102.26	29.408	41.728	1432.3	-0.57234	157.70	0.20274	supercritical
198.15	271.05	31.616	0.031629	-0.13991	8.4333	102.22	29.423	41.733	1434.3	-0.57221	158.17	0.20315	supercritical
198.15	272.05	31.641	0.031605	-0.14098	8.4571	102.18	29.438	41.738	1436.4	-0.57207	158.65	0.20355	supercritical
198.15	273.05	31.665	0.031580	-0.14203	8.4810	102.14	29.453	41.742	1438.4	-0.57194	159.12	0.20396	supercritical
198.15	274.05	31.690	0.031556	-0.14307	8.5049	102.10	29.468	41.747	1440.4	-0.57180	159.60	0.20437	supercritical
198.15	275.05	31.714	0.031532	-0.14410	8.5288	102.06	29.483	41.752	1442.4	-0.57167	160.07	0.20477	supercritical
198.15	276.05	31.738	0.031508	-0.14511	8.5526	102.02	29.498	41.757	1444.4	-0.57153	160.55	0.20518	supercritical
198.15	277.05	31.762	0.031484	-0.14611	8.5765	101.99	29.513	41.762	1446.4	-0.57139	161.02	0.20558	supercritical
198.15	278.05	31.786	0.031460	-0.14709	8.6003	101.95	29.528	41.767	1448.4	-0.57125	161.50	0.20598	supercritical
198.15	279.05	31.810	0.031436	-0.14806	8.6242	101.91	29.543	41.772	1450.4	-0.57111	161.97	0.20639	supercritical
198.15	280.05	31.834	0.031413	-0.14902	8.6481	101.87	29.558	41.777	1452.4	-0.57097	162.45	0.20679	supercritical
198.15	281.05	31.858	0.031389	-0.14996	8.6719	101.83	29.573	41.782	1454.4	-0.57083	162.93	0.20719	supercritical
198.15	282.05	31.882	0.031366	-0.15089	8.6958	101.79	29.588	41.787	1456.3	-0.57068	163.40	0.20759	supercritical
198.15	283.05	31.906	0.031342	-0.15181	8.7196	101.76	29.603	41.792	1458.3	-0.57054	163.88	0.20799	supercritical
198.15	284.05	31.930	0.031319	-0.15271	8.7434	101.72	29.618	41.797	1460.3	-0.57040	164.36	0.20839	supercritical
198.15	285.05	31.953	0.031296	-0.15360	8.7673	101.68	29.632	41.802	1462.2	-0.57025	164.83	0.20879	supercritical
198.15	286.05	31.977	0.031273	-0.15448	8.7911	101.64	29.647	41.807	1464.2	-0.57010	165.31	0.20918	supercritical
198.15	287.05	32.000	0.031250	-0.15534	8.8150	101.61	29.662	41.812	1466.2	-0.56996	165.79	0.20958	supercritical
198.15	288.05	32.023	0.031227	-0.15619	8.8388	101.57	29.676	41.817	1468.1	-0.56981	166.26	0.20997	supercritical
198.15	289.05	32.047	0.031204	-0.15703	8.8626	101.53	29.691	41.822	1470.0	-0.56966	166.74	0.21037	supercritical
198.15	290.05	32.070	0.031182	-0.15785	8.8864	101.49	29.706	41.827	1472.0	-0.56951	167.22	0.21076	supercritical
198.15	291.05	32.093	0.031159	-0.15867	8.9103	101.46	29.720	41.833	1473.9	-0.56936	167.70	0.21116	supercritical
198.15	292.05	32.116	0.031137	-0.15946	8.9341	101.42	29.735	41.838	1475.8	-0.56921	168.18	0.21155	supercritical
198.15	293.05	32.139	0.031115	-0.16025	8.9579	101.38	29.749	41.843	1477.8	-0.56906	168.65	0.21194	supercritical
198.15	294.05	32.162	0.031092	-0.16103	8.9817	101.35	29.763	41.848	1479.7	-0.56891	169.13	0.21233	supercritical
198.15	295.05	32.185	0.031070	-0.16179	9.0055	101.31	29.778	41.853	1481.6	-0.56876	169.61	0.21272	supercritical
198.15	296.05	32.208	0.031048	-0.16254	9.0293	101.27	29.792	41.858	1483.5	-0.56860	170.09	0.21311	supercritical
198.15	297.05	32.231	0.031026	-0.16327	9.0531	101.24	29.807	41.863	1485.4	-0.56845	170.57	0.21350	supercritical
198.15	298.05	32.253	0.031005	-0.16400	9.0769	101.20	29.821	41.869	1487.3	-0.56830	171.05	0.21389	supercritical
198.15	299.05	32.276	0.030983	-0.16471	9.1007	101.16	29.835	41.874	1489.2	-0.56814	171.53	0.21428	supercritical
198.15	300.05	32.299	0.030961	-0.16541	9.1245	101.13	29.849	41.879	1491.1	-0.56799	172.01	0.21467	supercritical
198.15	301.05	32.321	0.030940	-0.16610	9.1483	101.09	29.864	41.884	1493.0	-0.56783	172.49	0.21505	supercritical
198.15	302.05	32.343	0.030918	-0.16678	9.1720	101.06	29.878	41.890	1494.9	-0.56767	172.97	0.21544	supercritical
198.15	303.05	32.366	0.030897	-0.16745	9.1958	101.02	29.892	41.895	1496.7	-0.56752	173.45	0.21582	supercritical
198.15	304.05	32.388	0.030875	-0.16810	9.2196	100.98	29.906	41.900	1498.6	-0.56736	173.93	0.21621	supercritical
198.15	305.05	32.410	0.030854	-0.16874	9.2434	100.95	29.920	41.905	1500.5	-0.56720	174.41	0.21659	supercritical
198.15	306.05	32.433	0.030833	-0.16937	9.2671	100.91	29.934	41.911	1502.3	-0.56704	174.89	0.21698	supercritical
198.15	307.05	32.455	0.030812	-0.16999	9.2909	100.88	29.948	41.916	1504.2	-0.56688	175.37	0.21736	supercritical
198.15	308.05	32.477	0.030791	-0.17060	9.3147	100.84	29.962	41.921	1506.0	-0.56672	175.86	0.21774	supercritical
198.15	309.05	32.499	0.030770	-0.17120	9.3384	100.81	29.976	41.926	1507.9	-0.56656	176.34	0.21812	supercritical
198.15	310.05	32.521	0.030750	-0.17178	9.3622	100.77	29.990	41.932	1509.7	-0.56640	176.82	0.21850	supercritical
198.15	311.05	32.543	0.030729	-0.17236	9.3859	100.73	30.004	41.937	1511.6	-0.56624	177.30	0.21888	supercritical
198.15	312.05	32.564	0.030708	-0.17292	9.4097	100.70	30.018	41.942	1513.4	-0.56608	177.78	0.21926	supercritical
198.15	313.05	32.586	0.030688	-0.17347	9.4334	100.66	30.032	41.948	1515.3	-0.56592	178.27	0.21964	supercritical
198.15	314.05	32.608	0.030668	-0.17402	9.4571	100.63	30.045	41.953	1517.1	-0.56576	178.75	0.22002	supercritical
198.15	315.05	32.629	0.030647	-0.17455	9.4809	100.59	30.059	41.958	1518.9	-0.56559	179.23	0.22040	supercritical
198.15	316.05	32.651	0.030627	-0.17506	9.5046	100.56	30.073	41.964	1520.7	-0.56543	179.72	0.22077	supercritical
198.15	317.05	32.672	0.030607	-0.17557	9.5283	100.52	30.087	41.969	1522.5	-0.56527	180.20	0.22115	supercritical
198.15	318.05	32.694	0.030587	-0.17607	9.5520	100.49	30.100	41.974	1524.4	-0.56510	180.68	0.22152	supercritical
198.15	319.05	32.715	0.030567	-0.17656	9.5758	100.46	30.114	41.980	1526.2	-0.56494	181.17	0.22190	supercritical
198.15	320.05	32.737	0.030547	-0.17704	9.5995	100.42	30.128	41.985	1528.0	-0.56477	181.65	0.22227	supercritical
198.15	321.05	32.758	0.030527	-0.17750	9.6232	100.39	30.141	41.990	1529.8	-0.56461	182.13	0.22265	supercritical
198.15	322.05	32.779	0.030507	-0.17796	9.6469	100.35	30.155	41.996	1531.6	-0.56444	182.62	0.22302	supercritical
198.15	323.05	32.800	0.030488	-0.17840	9.6706	100.32	30.168	42.001	1533.4	-0.56428	183.10	0.22339	supercritical
198.15	324.05	32.821	0.030468	-0.17884	9.6943	100.28	30.182	42.007	1535.2	-0.56411	183.59	0.22376	supercritical
198.15	325.05	32.842	0.030448	-0.17926	9.7180	100.25	30.195	42.012	1536.9	-0.56395	184.07	0.22413	supercritical
198.15	326.05	32.863	0.030429	-0.17968	9.7417	100.22	30.209	42.017	1538.7	-0.56378	184.56	0.22450	supercritical
198.15	327.05	32.884	0.030410	-0.18008	9.7654	100.18	30.222	42.023	1540.5	-0.56361	185.05	0.22487	supercritical
198.15	328.05	32.905	0.030390	-0.18048	9.7890	100.15	30.236	42.028	1542.3	-0.56344	185.53	0.22524	supercritical
198.15	329.05	32.926	0.030371	-0.18086	9.8127	100.11	30.249	42.034	1544.0	-0.56328	186.02	0.22561	supercritical
198.15	330.05	32.947	0.030352	-0.18123	9.8364	100.08	30.262	42.039	1545.8	-0.56311	186.50	0.22598	supercritical
198.15	331.05	32.968	0.030333	-0.18160	9.8601	100.05	30.276	42.044	1547.6	-0.56294	186.99	0.22635	supercritical
198.15	332.05	32.988	0.030314	-0.18195	9.8837	100.01	30.289	42.050	1549.3	-0.56277	187.48	0.22672	supercritical
198.15	333.05	33.009	0.030295	-0.18230	9.9074	99.979	30.302	42.055	1551.1	-0.56260	187.97	0.22708	supercritical
198.15	334.05	33.029	0.030276	-0.18263	9.9311	99.946	30.315	42.061	1552.8	-0.56243	188.45	0.22745	supercritical
198.15	335.05	33.050	0.030257	-0.18296	9.9547	99.913	30.329	42.066	1554.6	-0.56226	188.94	0.22781	supercritical
198.15	336.05	33.070	0.030238	-0.18327	9.9784	99.879	30.342	42.072	1556.3	-0.56210	189.43	0.22818	supercritical
198.15	337.05	33.091	0.030220	-0.18358	10.002	99.846	30.355	42.077	1558.0	-0.56193	189.92	0.22854	supercritical
198.15	338.05	33.111	0.030201	-0.18388	10.026	99.813	30.368	42.083	1559.8	-0.56176	190.40	0.22890	supercritical
198.15	339.05	33.132	0.030183	-0.18416	10.049	99.780	30.381	42.088	1561.5	-0.56159	190.89	0.22927	supercritical
198.15	340.05	33.152	0.030164	-0.18444	10.073	99.747	30.394	42.094	1563.2	-0.56141	191.38	0.22963	supercritical
198.15	341.05	33.172	0.030146	-0.18471	10.097	99.714	30.407	42.099	1565.0	-0.56124	191.87	0.22999	supercritical
198.15	342.05	33.192	0.030128	-0.18497	10.120	99.681	30.420	42.104	1566.7	-0.56107	192.36	0.23035	supercritical
198.15	343.05	33.212	0.030109	-0.18522	10.144	99.648	30.433	42.110	1568.4	-0.56090	192.85	0.23071	supercritical
198.15	344.05	33.232	0.030091	-0.18546	10.167	99.616	30.446	42.115	1570.1	-0.56073	193.34	0.23107	supercritical
198.15	345.05	33.252	0.030073	-0.18569	10.191	99.583	30.459	42.121	1571.8	-0.56056	193.83	0.23143	supercritical
198.15	346.05	33.272	0.030055	-0.18591	10.215	99.550	30.472	42.126	1573.5	-0.56039	194.32	0.23179	supercritical
198.15	347.05	33.292	0.030037	-0.18613	10.238	99.518	30.485	42.132	1575.2	-0.56022	194.81	0.23215	supercritical
198.15	348.05	33.312	0.030019	-0.18633	10.262	99.485	30.498	42.137	1576.9	-0.56004	195.30	0.23251	supercritical
198.15	349.05	33.332	0.030001	-0.18653	10.285	99.453	30.511	42.143	1578.6	-0.55987	195.79	0.23287	supercritical
198.15	350.05	33.352	0.029984	-0.18671	10.309	99.421	30.524	42.148	1580.3	-0.55970	196.28	0.23322	supercritical
198.15	351.05	33.371	0.029966	-0.18689	10.333	99.388	30.536	42.154	1582.0	-0.55953	196.78	0.23358	supercritical
198.15	352.05	33.391	0.029948	-0.18706	10.356	99.356	30.549	42.159	1583.7	-0.55935	197.27	0.23393	supercritical
198.15	353.05	33.411	0.029931	-0.18722	10.380	99.324	30.562	42.165	1585.4	-0.55918	197.76	0.23429	supercritical
198.15	354.05	33.430	0.029913	-0.18737	10.403	99.292	30.575	42.170	1587.1	-0.55901	198.25	0.23464	supercritical
198.15	355.05	33.450	0.029896	-0.18751	10.427	99.260	30.587	42.176	1588.7	-0.55883	198.74	0.23500	supercritical
198.15	356.05	33.469	0.029878	-0.18765	10.450	99.228	30.600	42.181	1590.4	-0.55866	199.24	0.23535	supercritical
198.15	357.05	33.489	0.029861	-0.18777	10.474	99.196	30.612	42.187	1592.1	-0.55849	199.73	0.23570	supercritical
198.15	358.05	33.508	0.029844	-0.18789	10.498	99.165	30.625	42.192	1593.7	-0.55831	200.22	0.23606	supercritical
198.15	359.05	33.527	0.029826	-0.18800	10.521	99.133	30.638	42.198	1595.4	-0.55814	200.72	0.23641	supercritical
198.15	360.05	33.547	0.029809	-0.18810	10.545	99.101	30.650	42.204	1597.1	-0.55797	201.21	0.23676	supercritical
198.15	361.05	33.566	0.029792	-0.18819	10.568	99.070	30.663	42.209	1598.7	-0.55779	201.71	0.23711	supercritical
198.15	362.05	33.585	0.029775	-0.18827	10.592	99.038	30.675	42.215	1600.4	-0.55762	202.20	0.23746	supercritical
198.15	363.05	33.604	0.029758	-0.18834	10.615	99.007	30.688	42.220	1602.0	-0.55744	202.69	0.23781	supercritical
198.15	364.05	33.623	0.029741	-0.18841	10.639	98.976	30.700	42.226	1603.7	-0.55727	203.19	0.23816	supercritical
198.15	365.05	33.642	0.029724	-0.18847	10.662	98.944	30.713	42.231	1605.3	-0.55709	203.69	0.23851	supercritical
198.15	366.05	33.661	0.029708	-0.18852	10.686	98.913	30.725	42.237	1606.9	-0.55692	204.18	0.23886	supercritical
198.15	367.05	33.680	0.029691	-0.18856	10.709	98.882	30.737	42.242	1608.6	-0.55674	204.68	0.23921	supercritical
198.15	368.05	33.699	0.029674	-0.18860	10.733	98.851	30.750	42.248	1610.2	-0.55657	205.17	0.23955	supercritical
198.15	369.05	33.718	0.029658	-0.18862	10.756	98.820	30.762	42.253	1611.8	-0.55640	205.67	0.23990	supercritical
198.15	370.05	33.737	0.029641	-0.18864	10.780	98.789	30.774	42.259	1613.5	-0.55622	206.17	0.24025	supercritical
198.15	371.05	33.756	0.029624	-0.18865	10.803	98.758	30.787	42.264	1615.1	-0.55605	206.66	0.24059	supercritical
198.15	372.05	33.775	0.029608	-0.18865	10.827	98.727	30.799	42.270	1616.7	-0.55587	207.16	0.24094	supercritical
198.15	373.05	33.793	0.029592	-0.18865	10.850	98.696	30.811	42.275	1618.3	-0.55570	207.66	0.24128	supercritical
198.15	374.05	33.812	0.029575	-0.18863	10.874	98.665	30.823	42.281	1619.9	-0.55552	208.15	0.24163	supercritical
198.15	375.05	33.831	0.029559	-0.18861	10.897	98.635	30.836	42.287	1621.6	-0.55534	208.65	0.24197	supercritical
198.15	376.05	33.849	0.029543	-0.18858	10.921	98.604	30.848	42.292	1623.2	-0.55517	209.15	0.24231	supercritical
198.15	377.05	33.868	0.029526	-0.18854	10.944	98.573	30.860	42.298	1624.8	-0.55499	209.65	0.24266	supercritical
198.15	378.05	33.886	0.029510	-0.18850	10.968	98.543	30.872	42.303	1626.4	-0.55482	210.15	0.24300	supercritical
198.15	379.05	33.905	0.029494	-0.18845	10.991	98.512	30.884	42.309	1628.0	-0.55464	210.65	0.24334	supercritical
198.15	380.05	33.923	0.029478	-0.18839	11.015	98.482	30.896	42.314	1629.6	-0.55447	211.15	0.24368	supercritical
198.15	381.05	33.942	0.029462	-0.18832	11.038	98.452	30.908	42.320	1631.2	-0.55429	211.64	0.24402	supercritical
198.15	382.05	33.960	0.029446	-0.18824	11.062	98.421	30.920	42.325	1632.8	-0.55412	212.14	0.24436	supercritical
198.15	383.05	33.978	0.029431	-0.18816	11.085	98.391	30.932	42.331	1634.3	-0.55394	212.64	0.24470	supercritical
198.15	384.05	33.997	0.029415	-0.18807	11.109	98.361	30.944	42.337	1635.9	-0.55377	213.15	0.24504	supercritical
198.15	385.05	34.015	0.029399	-0.18797	11.132	98.331	30.956	42.342	1637.5	-0.55359	213.65	0.24538	supercritical
198.15	386.05	34.033	0.029383	-0.18787	11.156	98.301	30.968	42.348	1639.1	-0.55341	214.15	0.24572	supercritical
198.15	387.05	34.051	0.029368	-0.18776	11.179	98.271	30.980	42.353	1640.7	-0.55324	214.65	0.24606	supercritical
198.15	388.05	34.069	0.029352	-0.18764	11.202	98.241	30.992	42.359	1642.2	-0.55306	215.15	0.24640	supercritical
198.15	389.05	34.087	0.029336	-0.18751	11.226	98.211	31.004	42.364	1643.8	-0.55289	215.65	0.24673	supercritical
198.15	390.05	34.105	0.029321	-0.18738	11.249	98.181	31.016	42.370	1645.4	-0.55271	216.15	0.24707	supercritical
198.15	391.05	34.123	0.029305	-0.18723	11.273	98.151	31.028	42.375	1646.9	-0.55254	216.66	0.24741	supercritical
198.15	392.05	34.141	0.029290	-0.18709	11.296	98.122	31.039	42.381	1648.5	-0.55236	217.16	0.24774	supercritical
198.15	393.05	34.159	0.029275	-0.18693	11.319	98.092	31.051	42.386	1650.0	-0.55218	217.66	0.24808	supercritical
198.15	394.05	34.177	0.029259	-0.18677	11.343	98.063	31.063	42.392	1651.6	-0.55201	218.16	0.24841	supercritical
198.15	395.05	34.195	0.029244	-0.18660	11.366	98.033	31.075	42.398	1653.2	-0.55183	218.67	0.24875	supercritical
198.15	396.05	34.213	0.029229	-0.18642	11.390	98.004	31.086	42.403	1654.7	-0.55166	219.17	0.24908	supercritical
198.15	397.05	34.231	0.029214	-0.18624	11.413	97.974	31.098	42.409	1656.3	-0.55148	219.67	0.24941	supercritical
198.15	398.05	34.248	0.029199	-0.18605	11.436	97.945	31.110	42.414	1657.8	-0.55131	220.18	0.24975	supercritical
198.15	399.05	34.266	0.029183	-0.18585	11.460	97.915	31.121	42.420	1659.3	-0.55113	220.68	0.25008	supercritical
198.15	400.05	34.284	0.029168	-0.18564	11.483	97.886	31.133	42.425	1660.9	-0.55095	221.19	0.25041	supercritical
198.15	401.05	34.301	0.029153	-0.18543	11.507	97.857	31.145	42.431	1662.4	-0.55078	221.69	0.25074	supercritical
198.15	402.05	34.319	0.029139	-0.18521	11.530	97.828	31.156	42.436	1663.9	-0.55060	222.20	0.25107	supercritical
198.15	403.05	34.336	0.029124	-0.18499	11.553	97.799	31.168	42.442	1665.5	-0.55043	222.70	0.25140	supercritical
198.15	404.05	34.354	0.029109	-0.18476	11.577	97.770	31.179	42.448	1667.0	-0.55025	223.21	0.25174	supercritical
198.15	405.05	34.371	0.029094	-0.18452	11.600	97.741	31.191	42.453	1668.5	-0.55008	223.72	0.25207	supercritical
198.15	406.05	34.389	0.029079	-0.18427	11.623	97.712	31.202	42.459	1670.1	-0.54990	224.22	0.25239	supercritical
198.15	407.05	34.406	0.029065	-0.18402	11.647	97.683	31.214	42.464	1671.6	-0.54972	224.73	0.25272	supercritical
198.15	408.05	34.424	0.029050	-0.18376	11.670	97.654	31.225	42.470	1673.1	-0.54955	225.24	0.25305	supercritical
198.15	409.05	34.441	0.029035	-0.18350	11.693	97.625	31.237	42.475	1674.6	-0.54937	225.75	0.25338	supercritical
198.15	410.05	34.458	0.029021	-0.18323	11.717	97.596	31.248	42.481	1676.1	-0.54920	226.25	0.25371	supercritical
198.15	411.05	34.475	0.029006	-0.18295	11.740	97.568	31.260	42.486	1677.6	-0.54902	226.76	0.25404	supercritical
198.15	412.05	34.493	0.028992	-0.18266	11.763	97.539	31.271	42.492	1679.1	-0.54885	227.27	0.25436	supercritical
198.15	413.05	34.510	0.028977	-0.18237	11.787	97.510	31.282	42.497	1680.6	-0.54867	227.78	0.25469	supercritical
198.15	414.05	34.527	0.028963	-0.18207	11.810	97.482	31.294	42.503	1682.1	-0.54850	228.29	0.25502	supercritical
198.15	415.05	34.544	0.028949	-0.18177	11.833	97.453	31.305	42.508	1683.6	-0.54832	228.80	0.25534	supercritical
198.15	416.05	34.561	0.028934	-0.18146	11.857	97.425	31.316	42.514	1685.1	-0.54815	229.31	0.25567	supercritical
198.15	417.05	34.578	0.028920	-0.18114	11.880	97.397	31.328	42.520	1686.6	-0.54797	229.82	0.25599	supercritical
198.15	418.05	34.595	0.028906	-0.18082	11.903	97.368	31.339	42.525	1688.1	-0.54780	230.33	0.25632	supercritical
198.15	419.05	34.612	0.028892	-0.18049	11.927	97.340	31.350	42.531	1689.6	-0.54762	230.84	0.25664	supercritical
198.15	420.05	34.629	0.028877	-0.18015	11.950	97.312	31.361	42.536	1691.1	-0.54745	231.35	0.25696	supercritical
198.15	421.05	34.646	0.028863	-0.17981	11.973	97.284	31.373	42.542	1692.6	-0.54727	231.86	0.25729	supercritical
198.15	422.05	34.663	0.028849	-0.17946	11.996	97.255	31.384	42.547	1694.1	-0.54710	232.37	0.25761	supercritical
198.15	423.05	34.680	0.028835	-0.17911	12.020	97.227	31.395	42.553	1695.5	-0.54692	232.88	0.25793	supercritical
198.15	424.05	34.697	0.028821	-0.17875	12.043	97.199	31.406	42.558	1697.0	-0.54675	233.39	0.25825	supercritical
198.15	425.05	34.713	0.028807	-0.17838	12.066	97.171	31.417	42.564	1698.5	-0.54657	233.90	0.25857	supercritical
198.15	426.05	34.730	0.028793	-0.17801	12.089	97.143	31.428	42.569	1700.0	-0.54640	234.42	0.25890	supercritical
198.15	427.05	34.747	0.028780	-0.17763	12.113	97.115	31.439	42.575	1701.4	-0.54622	234.93	0.25922	supercritical
198.15	428.05	34.764	0.028766	-0.17724	12.136	97.088	31.450	42.580	1702.9	-0.54605	235.44	0.25954	supercritical
198.15	429.05	34.780	0.028752	-0.17685	12.159	97.060	31.461	42.586	1704.4	-0.54587	235.96	0.25986	supercritical
198.15	430.05	34.797	0.028738	-0.17645	12.182	97.032	31.472	42.591	1705.8	-0.54570	236.47	0.26018	supercritical
198.15	431.05	34.813	0.028725	-0.17605	12.206	97.004	31.483	42.597	1707.3	-0.54552	236.98	0.26049	supercritical
198.15	432.05	34.830	0.028711	-0.17564	12.229	96.977	31.494	42.602	1708.7	-0.54535	237.50	0.26081	supercritical
198.15	433.05	34.846	0.028697	-0.17522	12.252	96.949	31.505	42.608	1710.2	-0.54518	238.01	0.26113	supercritical
198.15	434.05	34.863	0.028684	-0.17480	12.275	96.921	31.516	42.613	1711.6	-0.54500	238.53	0.26145	supercritical
198.15	435.05	34.879	0.028670	-0.17438	12.299	96.894	31.527	42.619	1713.1	-0.54483	239.04	0.26177	supercritical
198.15	436.05	34.896	0.028657	-0.17394	12.322	96.866	31.538	42.624	1714.5	-0.54465	239.56	0.26208	supercritical
198.15	437.05	34.912	0.028643	-0.17351	12.345	96.839	31.549	42.630	1716.0	-0.54448	240.07	0.26240	supercritical
198.15	438.05	34.929	0.028630	-0.17306	12.368	96.812	31.560	42.635	1717.4	-0.54431	240.59	0.26272	supercritical
198.15	439.05	34.945	0.028616	-0.17261	12.391	96.784	31.571	42.641	1718.9	-0.54413	241.11	0.26303	supercritical
198.15	440.05	34.961	0.028603	-0.17215	12.415	96.757	31.582	42.646	1720.3	-0.54396	241.62	0.26335	supercritical
198.15	441.05	34.978	0.028590	-0.17169	12.438	96.730	31.593	42.652	1721.7	-0.54379	242.14	0.26366	supercritical
198.15	442.05	34.994	0.028577	-0.17123	12.461	96.702	31.603	42.657	1723.2	-0.54361	242.66	0.26398	supercritical
198.15	443.05	35.010	0.028563	-0.17075	12.484	96.675	31.614	42.663	1724.6	-0.54344	243.17	0.26429	supercritical
198.15	444.05	35.026	0.028550	-0.17027	12.507	96.648	31.625	42.668	1726.0	-0.54327	243.69	0.26461	supercritical
198.15	445.05	35.042	0.028537	-0.16979	12.531	96.621	31.636	42.674	1727.5	-0.54309	244.21	0.26492	supercritical
198.15	446.05	35.058	0.028524	-0.16930	12.554	96.594	31.646	42.679	1728.9	-0.54292	244.73	0.26523	supercritical
198.15	447.05	35.075	0.028511	-0.16880	12.577	96.567	31.657	42.685	1730.3	-0.54275	245.25	0.26555	supercritical
198.15	448.05	35.091	0.028498	-0.16830	12.600	96.540	31.668	42.690	1731.7	-0.54257	245.77	0.26586	supercritical
198.15	449.05	35.107	0.028485	-0.16780	12.623	96.513	31.678	42.696	1733.1	-0.54240	246.29	0.26617	supercritical
198.15	450.05	35.123	0.028472	-0.16728	12.646	96.486	31.689	42.701	1734.6	-0.54223	246.81	0.26648	supercritical
198.15	451.05	35.139	0.028459	-0.16677	12.670	96.460	31.700	42.707	1736.0	-0.54206	247.33	0.26680	supercritical
198.15	452.05	35.155	0.028446	-0.16624	12.693	96.433	31.710	42.712	1737.4	-0.54188	247.85	0.26711	supercritical
198.15	453.05	35.170	0.028433	-0.16571	12.716	96.406	31.721	42.718	1738.8	-0.54171	248.37	0.26742	supercritical
198.15	454.05	35.186	0.028420	-0.16518	12.739	96.379	31.731	42.723	1740.2	-0.54154	248.89	0.26773	supercritical
198.15	455.05	35.202	0.028407	-0.16464	12.762	96.353	31.742	42.728	1741.6	-0.54137	249.41	0.26804	supercritical
198.15	456.05	35.218	0.028395	-0.16410	12.785	96.326	31.753	42.734	1743.0	-0.54120	249.93	0.26835	supercritical
198.15	457.05	35.234	0.028382	-0.16355	12.808	96.300	31.763	42.739	1744.4	-0.54102	250.45	0.26866	supercritical
198.15	458.05	35.250	0.028369	-0.16299	12.831	96.273	31.774	42.745	1745.8	-0.54085	250.98	0.26896	supercritical
198.15	459.05	35.265	0.028356	-0.16243	12.855	96.247	31.784	42.750	1747.2	-0.54068	251.50	0.26927	supercritical
198.15	460.05	35.281	0.028344	-0.16186	12.878	96.220	31.795	42.756	1748.6	-0.54051	252.02	0.26958	supercritical
198.15	461.05	35.297	0.028331	-0.16129	12.901	96.194	31.805	42.761	1750.0	-0.54034	252.54	0.26989	supercritical
198.15	462.05	35.312	0.028319	-0.16072	12.924	96.167	31.816	42.767	1751.4	-0.54017	253.07	0.27020	supercritical
198.15	463.05	35.328	0.028306	-0.16014	12.947	96.141	31.826	42.772	1752.8	-0.53999	253.59	0.27050	supercritical
198.15	464.05	35.344	0.028294	-0.15955	12.970	96.115	31.836	42.778	1754.1	-0.53982	254.12	0.27081	supercritical
198.15	465.05	35.359	0.028281	-0.15896	12.993	96.089	31.847	42.783	1755.5	-0.53965	254.64	0.27112	supercritical
198.15	466.05	35.375	0.028269	-0.15836	13.016	96.062	31.857	42.788	1756.9	-0.53948	255.17	0.27142	supercritical
198.15	467.05	35.390	0.028256	-0.15776	13.039	96.036	31.867	42.794	1758.3	-0.53931	255.69	0.27173	supercritical
198.15	468.05	35.406	0.028244	-0.15715	13.062	96.010	31.878	42.799	1759.7	-0.53914	256.22	0.27203	supercritical
198.15	469.05	35.421	0.028232	-0.15654	13.086	95.984	31.888	42.805	1761.0	-0.53897	256.74	0.27234	supercritical
198.15	470.05	35.437	0.028219	-0.15592	13.109	95.958	31.898	42.810	1762.4	-0.53880	257.27	0.27264	supercritical
198.15	471.05	35.452	0.028207	-0.15530	13.132	95.932	31.909	42.816	1763.8	-0.53863	257.79	0.27295	supercritical
198.15	472.05	35.467	0.028195	-0.15467	13.155	95.906	31.919	42.821	1765.1	-0.53846	258.32	0.27325	supercritical
198.15	473.05	35.483	0.028183	-0.15404	13.178	95.880	31.929	42.826	1766.5	-0.53829	258.85	0.27355	supercritical
198.15	474.05	35.498	0.028170	-0.15340	13.201	95.854	31.939	42.832	1767.9	-0.53812	259.37	0.27386	supercritical
198.15	475.05	35.513	0.028158	-0.15276	13.224	95.828	31.950	42.837	1769.2	-0.53795	259.90	0.27416	supercritical
198.15	476.05	35.529	0.028146	-0.15211	13.247	95.803	31.960	42.843	1770.6	-0.53778	260.43	0.27446	supercritical
198.15	477.05	35.544	0.028134	-0.15146	13.270	95.777	31.970	42.848	1772.0	-0.53761	260.96	0.27477	supercritical
198.15	478.05	35.559	0.028122	-0.15080	13.293	95.751	31.980	42.853	1773.3	-0.53744	261.49	0.27507	supercritical
198.15	479.05	35.574	0.028110	-0.15014	13.316	95.726	31.990	42.859	1774.7	-0.53727	262.02	0.27537	supercritical
198.15	480.05	35.590	0.028098	-0.14947	13.339	95.700	32.001	42.864	1776.0	-0.53710	262.55	0.27567	supercritical
198.15	481.05	35.605	0.028086	-0.14880	13.362	95.674	32.011	42.870	1777.4	-0.53693	263.07	0.27597	supercritical
198.15	482.05	35.620	0.028074	-0.14812	13.385	95.649	32.021	42.875	1778.7	-0.53676	263.60	0.27627	supercritical
198.15	483.05	35.635	0.028062	-0.14744	13.408	95.623	32.031	42.880	1780.1	-0.53659	264.14	0.27657	supercritical
198.15	484.05	35.650	0.028050	-0.14675	13.431	95.598	32.041	42.886	1781.4	-0.53642	264.67	0.27687	supercritical
198.15	485.05	35.665	0.028039	-0.14606	13.454	95.572	32.051	42.891	1782.7	-0.53626	265.20	0.27717	supercritical
198.15	486.05	35.680	0.028027	-0.14536	13.477	95.547	32.061	42.897	1784.1	-0.53609	265.73	0.27747	supercritical
198.15	487.05	35.695	0.028015	-0.14466	13.500	95.521	32.071	42.902	1785.4	-0.53592	266.26	0.27777	supercritical
198.15	488.05	35.710	0.028003	-0.14396	13.523	95.496	32.081	42.907	1786.8	-0.53575	266.79	0.27807	supercritical
198.15	489.05	35.725	0.027992	-0.14325	13.546	95.471	32.091	42.913	1788.1	-0.53558	267.32	0.27836	supercritical
198.15	490.05	35.740	0.027980	-0.14253	13.569	95.446	32.101	42.918	1789.4	-0.53541	267.86	0.27866	supercritical
198.15	491.05	35.755	0.027968	-0.14181	13.592	95.420	32.111	42.923	1790.8	-0.53525	268.39	0.27896	supercritical
198.15	492.05	35.770	0.027957	-0.14109	13.615	95.395	32.121	42.929	1792.1	-0.53508	268.92	0.27926	supercritical
198.15	493.05	35.784	0.027945	-0.14036	13.638	95.370	32.131	42.934	1793.4	-0.53491	269.46	0.27955	supercritical
198.15	494.05	35.799	0.027934	-0.13963	13.661	95.345	32.141	42.939	1794.7	-0.53474	269.99	0.27985	supercritical
198.15	495.05	35.814	0.027922	-0.13889	13.684	95.320	32.151	42.945	1796.1	-0.53458	270.52	0.28015	supercritical
198.15	496.05	35.829	0.027910	-0.13815	13.707	95.295	32.161	42.950	1797.4	-0.53441	271.06	0.28044	supercritical
198.15	497.05	35.844	0.027899	-0.13740	13.730	95.270	32.170	42.955	1798.7	-0.53424	271.59	0.28074	supercritical
198.15	498.05	35.858	0.027888	-0.13665	13.753	95.245	32.180	42.961	1800.0	-0.53408	272.13	0.28103	supercritical
198.15	499.05	35.873	0.027876	-0.13589	13.776	95.220	32.190	42.966	1801.3	-0.53391	272.66	0.28133	supercritical
198.15	500.05	35.888	0.027865	-0.13513	13.799	95.195	32.200	42.971	1802.6	-0.53374	273.20	0.28162	supercritical
